14:52:06.549 -> Raw:-16592,00936,-00048,00037,-00138,00138,00161,-00192,-00285
14:52:06.549 -> Raw:-16272,00880,00192,00111,-00118,00303,00162,-00188,-00291
14:52:06.592 -> Raw:-17176,00600,00016,-00207,-00521,00228,00156,-00187,-00300
14:52:06.627 -> Raw:-16480,00824,-00320,00223,00031,00473,00154,-00188,-00284
14:52:06.674 -> Raw:-16424,01088,-00032,00012,00284,00451,00153,-00187,-00290
14:52:06.708 -> Raw:-16688,00760,00024,-00584,00380,-00284,00149,-00188,-00291
14:52:06.755 -> Raw:-16464,00560,-00168,00340,00215,00488,00156,-00180,-00293
14:52:06.755 -> Raw:-16528,00992,00024,00055,00112,00140,00152,-00191,-00294
14:52:06.793 -> Raw:-16232,01040,-00112,00210,00024,00087,00162,-00183,-00289
14:52:06.839 -> Raw:-16168,00824,-00152,00255,-00253,00051,00150,-00190,-00288
14:52:06.877 -> Raw:-16256,00800,-00320,00042,-00287,00219,00161,-00192,-00295
14:52:06.924 -> Raw:-16632,00992,-00232,00096,-00062,00240,00148,-00187,-00285
14:52:06.971 -> Raw:-16432,00944,-00224,-00445,00443,00111,00158,-00187,-00285
14:52:06.971 -> Raw:-16688,00880,00248,-00338,-00069,00327,00153,-00187,-00288
14:52:07.009 -> Raw:-16496,00584,-00200,-00206,00258,-00234,00158,-00199,-00288
14:52:07.056 -> Raw:-16560,00880,-00256,00226,00025,00274,00157,-00193,-00296
14:52:07.094 -> Raw:-16296,00936,-00040,-00025,00168,00116,00158,-00180,-00290
14:52:07.143 -> Raw:-16392,00840,-00472,-00331,00337,-00074,00158,-00182,-00288
14:52:07.176 -> Raw:-16608,00856,-00096,-00350,00409,-00098,00148,-00190,-00295
14:52:07.216 -> Raw:-16448,00960,-00008,00195,-00160,00398,00148,-00192,-00285
14:52:07.263 -> Raw:-16384,00904,-00280,-00015,-00209,00389,00164,-00187,-00290
14:52:07.263 -> Raw:-16520,00816,-00336,-00324,00215,-00307,00156,-00192,-00290
14:52:07.310 -> Raw:-16504,00984,-00072,00037,-00321,00550,00160,-00183,-00296
14:52:07.357 -> Raw:-16416,00896,-00384,-00497,00569,00072,00156,-00195,-00288
14:52:07.395 -> Raw:-16352,00912,-00152,00247,00252,00291,00152,-00186,-00286
14:52:07.395 -> Raw:-16608,00856,-00032,-00221,-00314,00334,00153,-00187,-00295
14:52:07.435 -> Raw:-16712,00752,00064,-00026,-00459,00173,00154,-00188,-00286
14:52:07.495 -> Raw:-16712,00848,-00128,-00528,00434,00081,00158,-00185,-00280
14:52:07.529 -> Raw:-16448,00864,-00088,-00162,00095,-00149,00154,-00181,-00281
14:52:07.577 -> Raw:-16528,00720,-00120,00002,00052,00251,00150,-00185,-00298
14:52:07.577 -> Raw:-16496,00720,00136,-00342,-00339,00324,00152,-00186,-00296
14:52:07.612 -> Raw:-16368,00616,-00160,-00170,-00132,00355,00150,-00187,-00290
14:52:07.655 -> Raw:-15800,00888,-00160,-00732,00409,-00240,00153,-00187,-00293
14:52:07.695 -> Raw:-16440,00840,-00112,-00022,-00328,00096,00156,-00195,-00288
14:52:07.741 -> Raw:-16272,00880,00112,-00592,00306,-00216,00160,-00188,-00286
14:52:07.795 -> Raw:-16728,00856,00056,-00587,00143,-00182,00160,-00191,-00291
14:52:07.795 -> Raw:-16472,00736,00120,-00161,-00535,00100,00146,-00191,-00284
14:52:07.842 -> Raw:-16432,00752,-00024,-00102,00221,-00383,00156,-00190,-00298
14:52:07.890 -> Raw:-16480,00792,00232,-00476,00034,-00254,00149,-00181,-00286
14:52:07.928 -> Raw:-16544,00936,00144,-00348,00688,-00051,00162,-00191,-00299
14:52:07.928 -> Raw:-16360,00712,-00088,-00423,00377,00005,00152,-00181,-00289
14:52:07.976 -> Raw:-16400,00776,-00016,-00467,-00275,00533,00145,-00182,-00298
14:52:08.011 -> Raw:-16544,00936,00288,-00587,-00791,-00161,00158,-00185,-00298
14:52:08.045 -> Raw:-16496,00864,00336,-02952,-00751,-00516,00168,-00186,-00299
14:52:08.096 -> Raw:-16416,01200,00056,-02174,-00528,-00257,00144,-00183,-00289
14:52:08.144 -> Raw:-16880,-00384,-00128,-03474,-01017,00596,00145,-00175,-00295
14:52:08.144 -> Raw:-16280,00784,00240,-01631,-00472,-00226,00150,-00185,-00300
14:52:08.196 -> Raw:-16432,00824,00520,-02442,-01064,-00283,00152,-00186,-00299
14:52:08.243 -> Raw:-16376,00480,00792,-02013,-00372,-00248,00154,-00178,-00306
14:52:08.296 -> Raw:-16728,00384,00576,-00929,00450,-00565,00149,-00181,-00289
14:52:08.296 -> Raw:-16632,00640,00352,-00642,00665,-00112,00154,-00163,-00311
14:52:08.343 -> Raw:-16384,00352,00424,00078,00779,-00079,00140,-00175,-00298
14:52:08.397 -> Raw:-16536,00152,00576,-00121,00473,00551,00161,-00177,-00305
14:52:08.397 -> Raw:-16640,00248,00464,-00064,00437,00506,00144,-00173,-00301
14:52:08.444 -> Raw:-16368,00536,00288,-00240,00931,00367,00152,-00173,-00299
14:52:08.481 -> Raw:-16528,00872,00552,-00256,00806,00602,00158,-00180,-00305
14:52:08.520 -> Raw:-16896,00944,00224,-00454,-00020,00522,00144,-00171,-00301
14:52:08.567 -> Raw:-16864,00792,00480,00478,00561,00842,00166,-00172,-00305
14:52:08.613 -> Raw:-16400,00560,00152,-00294,00862,-00134,00161,-00185,-00305
14:52:08.613 -> Raw:-16768,00488,00072,-00579,00463,-00448,00153,-00180,-00303
14:52:08.660 -> Raw:-16936,00672,00216,00230,00178,00050,00149,-00173,-00301
14:52:08.698 -> Raw:-16096,00496,-00208,00210,00103,-00103,00160,-00176,-00304
14:52:08.731 -> Raw:-16504,00856,00368,-00179,00612,-00126,00154,-00171,-00304
14:52:08.778 -> Raw:-16704,00232,-00232,-00325,00588,-00606,00154,-00171,-00299
14:52:08.814 -> Raw:-16584,00432,-00032,-00168,00488,-00437,00153,-00175,-00295
14:52:08.860 -> Raw:-16632,00512,00200,00093,-00242,00136,00154,-00168,-00304
14:52:08.860 -> Raw:-16608,00344,-00088,-00403,00640,-00614,00146,-00173,-00289
14:52:08.898 -> Raw:-16944,00248,00208,-00320,00300,-00114,00160,-00181,-00291
14:52:08.945 -> Raw:-16608,00576,00224,-00507,00216,-00031,00158,-00175,-00295
14:52:08.983 -> Raw:-16480,00680,00608,-00153,00250,-00097,00160,-00171,-00299
14:52:09.030 -> Raw:-16416,00608,-00240,00217,00150,00239,00161,-00172,-00300
14:52:09.077 -> Raw:-16640,00656,00408,-00005,00040,-00010,00161,-00180,-00300
14:52:09.077 -> Raw:-16520,00472,00112,-00264,00328,-00269,00150,-00175,-00288
14:52:09.114 -> Raw:-16496,00544,-00840,03423,01307,-00203,00152,-00181,-00301
14:52:09.161 -> Raw:-16112,00424,00432,-02743,-00036,-00080,00152,-00176,-00301
14:52:09.199 -> Raw:-16240,00232,00024,-01094,-00128,00287,00158,-00177,-00298
14:52:09.246 -> Raw:-16640,00416,00176,-02379,00107,-00982,00162,-00171,-00299
14:52:09.246 -> Raw:-16376,00472,00304,-02962,-00302,-01639,00158,-00177,-00310
14:52:09.300 -> Raw:-16696,-00000,00696,01567,00126,-00157,00156,-00177,-00298
14:52:09.347 -> Raw:-16232,00160,-00488,-01341,00313,-00362,00156,-00162,-00303
14:52:09.400 -> Raw:-16696,-00104,00232,-02272,00261,-00698,00153,-00170,-00300
14:52:09.400 -> Raw:-16528,-00088,00080,-02102,00119,-00310,00161,-00167,-00308
14:52:09.448 -> Raw:-16424,00056,00072,-01838,-00539,00250,00160,-00171,-00299
14:52:09.494 -> Raw:-16848,00168,00216,-02337,00141,-00742,00153,-00157,-00300
14:52:09.541 -> Raw:-16528,00128,00112,-01488,-00366,-00099,00154,-00166,-00306
14:52:09.541 -> Raw:-16448,00136,00272,-01414,-00581,00661,00164,-00170,-00298
14:52:09.602 -> Raw:-16440,00056,00400,-01314,-00349,00296,00158,-00157,-00303
14:52:09.602 -> Raw:-16464,00144,00104,-00697,00440,-00185,00156,-00165,-00295
14:52:09.649 -> Raw:-16648,00080,00392,-00811,00306,-00182,00158,-00170,-00300
14:52:09.701 -> Raw:-16400,00136,00200,00136,-00514,00158,00156,-00167,-00308
14:52:09.748 -> Raw:-16528,00024,00424,-00247,-00076,00778,00160,-00159,-00306
14:52:09.748 -> Raw:-16280,00240,00496,00307,-00248,00246,00149,-00163,-00299
14:52:09.801 -> Raw:-16536,00088,00344,00514,00283,-00692,00168,-00168,-00301
14:52:09.848 -> Raw:-16648,00088,00272,00514,00354,-00217,00153,-00167,-00303
14:52:09.901 -> Raw:-16488,00168,00080,-01134,00288,-00305,00150,-00170,-00305
14:52:09.901 -> Raw:-16656,-00048,00424,00684,-00172,00290,00157,-00166,-00309
14:52:09.948 -> Raw:-16432,00192,00016,00021,-00046,00355,00160,-00166,-00314
14:52:09.995 -> Raw:-16152,00576,00032,-00510,00024,-00234,00154,-00166,-00304
14:52:09.995 -> Raw:-16656,00032,00088,-01485,00137,-00094,00165,-00173,-00314
14:52:10.042 -> Raw:-16688,00040,00296,-00955,00370,00078,00160,-00163,-00306
14:52:10.102 -> Raw:-16456,00048,00456,-00011,00929,00133,00160,-00171,-00306
14:52:10.102 -> Raw:-16384,00432,-00144,01195,00161,00273,00150,-00152,-00303
14:52:10.149 -> Raw:-15880,00520,00704,00431,-00246,00598,00166,-00172,-00308
14:52:10.202 -> Raw:-16136,00240,-00256,00715,00656,-00283,00156,-00170,-00305
14:52:10.249 -> Raw:-16608,00256,00368,00708,00774,-00698,00148,-00165,-00313
14:52:10.249 -> Raw:-15992,-00096,00048,01500,00771,-00917,00157,-00161,-00309
14:52:10.302 -> Raw:-17304,-00136,00200,00367,-00169,00671,00154,-00168,-00296
14:52:10.349 -> Raw:-16896,00088,00120,-00230,-00032,00357,00169,-00170,-00305
14:52:10.402 -> Raw:-16584,00152,00128,-00928,-00105,-00299,00157,-00163,-00299
14:52:10.402 -> Raw:-16664,00296,00520,00008,-00612,-00405,00153,-00165,-00310
14:52:10.449 -> Raw:-16448,00304,00208,-00530,-00357,00711,00150,-00172,-00315
14:52:10.502 -> Raw:-16384,00272,00472,00091,-00822,00260,00152,-00171,-00309
14:52:10.502 -> Raw:-16456,00080,00088,-03025,-01381,00213,00158,-00155,-00305
14:52:10.549 -> Raw:-16424,00376,00664,-02754,-01573,00121,00154,-00151,-00311
14:52:10.603 -> Raw:-16416,-00080,00704,-01154,-00423,00096,00165,-00161,-00316
14:52:10.603 -> Raw:-16456,00032,00656,-00862,-00378,00327,00161,-00157,-00323
14:52:10.650 -> Raw:-16360,00136,00640,-00995,-01518,00026,00156,-00162,-00328
14:52:10.703 -> Raw:-16456,00072,01008,-00364,-00973,00501,00149,-00161,-00314
14:52:10.750 -> Raw:-16376,00232,00720,-01783,-01433,00079,00156,-00162,-00315
14:52:10.750 -> Raw:-16248,00112,01352,-01820,-01173,00588,00154,-00171,-00327
14:52:10.803 -> Raw:-16544,00072,00984,-01381,-01104,00329,00149,-00161,-00322
14:52:10.850 -> Raw:-16312,00248,01480,00418,-01341,00548,00150,-00162,-00328
14:52:10.903 -> Raw:-16448,00392,01384,00142,-00610,00049,00145,-00160,-00318
14:52:10.903 -> Raw:-16608,00112,01368,-02010,-00994,-00205,00153,-00155,-00320
14:52:10.949 -> Raw:-16352,-00104,01568,00498,-00630,00497,00146,-00163,-00327
14:52:11.003 -> Raw:-16688,00144,01544,00010,00587,-00165,00141,-00163,-00329
14:52:11.003 -> Raw:-16160,00352,01496,00502,00565,-00010,00152,-00166,-00332
14:52:11.050 -> Raw:-16376,00240,01360,00428,00701,-00280,00142,-00167,-00323
14:52:11.087 -> Raw:-16208,00320,01600,-00438,00919,-00062,00157,-00161,-00329
14:52:11.134 -> Raw:-16376,00240,01392,00874,00169,00158,00149,-00159,-00322
14:52:11.181 -> Raw:-16400,00096,01248,01077,00473,00077,00150,-00157,-00335
14:52:11.181 -> Raw:-16592,00040,01440,00352,00605,-00385,00154,-00168,-00324
14:52:11.219 -> Raw:-16416,00216,01256,-00033,00736,00180,00145,-00160,-00325
14:52:11.265 -> Raw:-16472,00160,01296,00544,00890,-00167,00148,-00155,-00323
14:52:11.303 -> Raw:-16400,00120,00992,-00832,00826,00116,00150,-00160,-00320
14:52:11.350 -> Raw:-16448,00544,01368,00433,01172,-00258,00158,-00165,-00328
14:52:11.403 -> Raw:-16592,00296,00856,00120,01256,-00146,00140,-00162,-00320
14:52:11.403 -> Raw:-16592,00088,01032,00671,01054,-00183,00145,-00162,-00330
14:52:11.450 -> Raw:-16392,00248,01024,00382,00688,-00042,00153,-00165,-00318
14:52:11.503 -> Raw:-16544,00008,01208,01322,00633,-00084,00154,-00154,-00319
14:52:11.503 -> Raw:-16448,00096,01008,00884,00436,00331,00156,-00167,-00315
14:52:11.550 -> Raw:-16528,00312,00760,00886,00284,00210,00141,-00166,-00324
14:52:11.596 -> Raw:-16608,00208,00624,00898,00542,00041,00152,-00173,-00309
14:52:11.647 -> Raw:-16616,00264,00624,00430,00732,-00237,00156,-00162,-00313
14:52:11.647 -> Raw:-16232,00128,00784,-00709,00811,00182,00154,-00161,-00316
14:52:11.703 -> Raw:-16488,00168,00984,00812,00433,00443,00146,-00161,-00322
14:52:11.750 -> Raw:-16256,00240,00792,00045,00466,00020,00152,-00161,-00319
14:52:11.803 -> Raw:-16320,00136,00736,00641,00096,00440,00160,-00163,-00311
14:52:11.803 -> Raw:-16544,00280,00752,-00179,00040,00480,00157,-00168,-00322
14:52:11.850 -> Raw:-16584,00120,00776,-00185,00506,00092,00149,-00163,-00314
14:52:11.903 -> Raw:-16312,00384,00872,00326,00976,-00252,00157,-00154,-00299
14:52:11.903 -> Raw:-16608,00112,00696,00268,00580,-00236,00162,-00159,-00309
14:52:11.950 -> Raw:-16304,00200,00584,00110,00566,-00332,00156,-00165,-00315
14:52:12.004 -> Raw:-16568,00136,00752,00243,00070,00598,00150,-00162,-00308
14:52:12.052 -> Raw:-16368,00144,00464,00485,00211,00168,00158,-00167,-00308
14:52:12.052 -> Raw:-16808,00264,00392,00320,00528,-00261,00150,-00160,-00315
14:52:12.104 -> Raw:-16464,00240,00712,-00528,-00162,00388,00149,-00166,-00311
14:52:12.150 -> Raw:-16624,00288,00784,00326,00109,00257,00162,-00171,-00319
14:52:12.203 -> Raw:-16704,00216,00416,-00395,00210,-00007,00150,-00167,-00308
14:52:12.203 -> Raw:-16328,00296,00432,-00367,00641,-00301,00165,-00166,-00309
14:52:12.250 -> Raw:-16472,00176,00720,-00832,01041,00137,00153,-00167,-00310
14:52:12.303 -> Raw:-16208,00056,00400,-00606,00332,-00701,00150,-00167,-00308
14:52:12.303 -> Raw:-16680,-00000,00584,-00699,00482,00013,00153,-00172,-00305
14:52:12.359 -> Raw:-16256,00144,00520,-00474,00772,-00799,00142,-00167,-00315
14:52:12.403 -> Raw:-16640,00320,00536,00285,01097,-00371,00149,-00173,-00309
14:52:12.403 -> Raw:-16728,00224,00280,-00284,00876,-00101,00162,-00171,-00304
14:52:12.450 -> Raw:-16464,00256,00384,00321,00654,-00289,00150,-00165,-00313
14:52:12.504 -> Raw:-16600,00336,00272,-00730,00648,-00336,00169,-00162,-00300
14:52:12.551 -> Raw:-16568,00184,00256,00477,00643,00505,00150,-00172,-00305
14:52:12.551 -> Raw:-16664,00296,00256,-00236,00216,00143,00152,-00171,-00309
14:52:12.604 -> Raw:-16568,00264,00368,00497,00511,00384,00150,-00172,-00308
14:52:12.651 -> Raw:-16496,00072,00128,-00447,00441,-00877,00164,-00167,-00303
14:52:12.689 -> Raw:-16496,00168,00208,00227,-00064,00380,00166,-00167,-00310
14:52:12.736 -> Raw:-16528,-00016,00280,00017,00567,00388,00146,-00161,-00306
14:52:12.736 -> Raw:-16600,00032,-00112,-00189,-00007,00044,00157,-00161,-00301
14:52:12.783 -> Raw:-16568,00280,00032,-00392,00584,00252,00156,-00165,-00308
14:52:12.820 -> Raw:-16312,00072,00088,-00863,00836,-00225,00164,-00167,-00303
14:52:12.867 -> Raw:-16424,00192,00384,-00806,00650,00443,00144,-00176,-00309
14:52:12.905 -> Raw:-16576,00144,-00008,-00818,00530,-00348,00166,-00167,-00305
14:52:12.951 -> Raw:-16520,00128,00152,00064,00418,-00205,00161,-00162,-00305
14:52:12.951 -> Raw:-16408,00432,00032,-00306,00595,00138,00162,-00166,-00309
14:52:13.005 -> Raw:-16576,-00016,00088,-00948,00717,-00198,00161,-00172,-00298
14:52:13.052 -> Raw:-16280,-00040,00136,00291,00400,00376,00154,-00163,-00309
14:52:13.052 -> Raw:-16360,00168,00040,-00548,00632,-00331,00158,-00175,-00303
14:52:13.106 -> Raw:-16664,00112,00240,-00503,00752,-00432,00156,-00175,-00303
14:52:13.152 -> Raw:-16720,00192,-00128,-00023,00490,00094,00164,-00170,-00303
14:52:13.198 -> Raw:-16440,00072,-00440,-00190,00365,-00460,00149,-00171,-00309
14:52:13.198 -> Raw:-16544,00080,00176,00562,-00132,00342,00158,-00165,-00308
14:52:13.238 -> Raw:-16688,00184,00072,-00316,00578,-00149,00165,-00161,-00304
14:52:13.285 -> Raw:-16200,00256,00104,00103,-00485,00188,00158,-00170,-00305
14:52:13.322 -> Raw:-16672,00200,-00016,-00264,-00051,00267,00157,-00156,-00301
14:52:13.368 -> Raw:-16408,00056,-00040,-01114,00336,-00009,00154,-00173,-00296
14:52:13.406 -> Raw:-16792,00080,-00072,-00946,-00216,00145,00158,-00175,-00303
14:52:13.406 -> Raw:-16288,00144,00064,00154,-00226,-00323,00158,-00170,-00310
14:52:13.454 -> Raw:-16600,00232,-00088,-00473,-00408,-00051,00166,-00170,-00295
14:52:13.506 -> Raw:-16584,-00040,00360,-00827,00387,-00102,00162,-00161,-00296
14:52:13.553 -> Raw:-16424,-00200,-00056,-00201,00085,-00062,00158,-00160,-00303
14:52:13.553 -> Raw:-16776,-00056,00032,00434,-00638,00473,00157,-00163,-00309
14:52:13.607 -> Raw:-16728,00144,00008,-00303,-00807,00028,00149,-00171,-00291
14:52:13.654 -> Raw:-16552,00208,00240,-00624,-00063,00122,00160,-00166,-00296
14:52:13.654 -> Raw:-16400,00288,00168,-01012,-00795,-00204,00152,-00166,-00309
14:52:13.708 -> Raw:-16576,00056,00224,00057,-00483,00782,00149,-00161,-00301
14:52:13.753 -> Raw:-16472,00112,00376,-01059,-00786,-00040,00153,-00155,-00300
14:52:13.788 -> Raw:-16552,00336,00496,-01295,-01149,-00086,00156,-00171,-00304
14:52:13.824 -> Raw:-16208,00216,00768,-01734,-01313,-00208,00158,-00165,-00315
14:52:13.871 -> Raw:-16416,00064,00784,-02084,-01644,-00341,00152,-00166,-00316
14:52:13.871 -> Raw:-16624,-00080,00544,-01495,-00780,-00236,00146,-00161,-00324
14:52:13.908 -> Raw:-16632,00248,01168,00034,-00785,00729,00158,-00157,-00318
14:52:13.955 -> Raw:-16552,00352,00960,00262,-00476,00558,00150,-00160,-00333
14:52:14.008 -> Raw:-16384,00200,01224,00066,-00015,00525,00152,-00159,-00316
14:52:14.057 -> Raw:-16664,00144,01000,-00342,00422,-00299,00150,-00162,-00328
14:52:14.057 -> Raw:-16608,00168,01072,00878,-00306,00079,00146,-00161,-00334
14:52:14.108 -> Raw:-16216,00216,00920,00509,00362,-00083,00144,-00154,-00327
14:52:14.155 -> Raw:-16144,00312,00952,-00584,-00031,-00475,00156,-00160,-00325
14:52:14.155 -> Raw:-16488,00112,00840,-00560,00055,-00340,00150,-00162,-00315
14:52:14.209 -> Raw:-16264,00304,01272,-00820,00387,00407,00156,-00162,-00318
14:52:14.256 -> Raw:-16280,00272,01104,-00784,-00490,-00552,00156,-00170,-00325
14:52:14.309 -> Raw:-16480,00240,01272,-02217,-01698,-00171,00160,-00166,-00329
14:52:14.309 -> Raw:-16800,00280,01248,-02982,-03820,-00595,00153,-00157,-00330
14:52:14.356 -> Raw:-16560,-00000,01592,-02498,-05165,-00616,00149,-00156,-00324
14:52:14.409 -> Raw:-16176,-00848,02384,-02467,-06838,-02011,00144,-00161,-00342
14:52:14.409 -> Raw:-21448,03520,04176,09295,-10168,14809,00134,-00150,-00343
14:52:14.456 -> Raw:-16064,00360,03456,04118,-16826,02626,00121,-00160,-00348
14:52:14.509 -> Raw:-15632,-00544,05088,-04067,-12234,03025,00106,-00163,-00354
14:52:14.509 -> Raw:-14464,01264,05424,-09990,-14951,01939,00093,-00159,-00362
14:52:14.556 -> Raw:-16376,01544,08184,-05378,-18664,01573,00090,-00161,-00377
14:52:14.609 -> Raw:-13752,-00560,08656,-07153,-18687,-01450,00080,-00156,-00382
14:52:14.657 -> Raw:-14568,-00624,10392,-07858,-16627,-00861,00058,-00141,-00397
14:52:14.657 -> Raw:-11104,00688,10744,06048,-20899,-07854,00038,-00152,-00398
14:52:14.710 -> Raw:-13224,00360,12904,-03356,-18253,-03673,00014,-00145,-00408
14:52:14.757 -> Raw:-10464,-01392,13240,-00604,-21947,03201,00002,-00141,-00410
14:52:14.757 -> Raw:-05744,01256,11536,09523,-23316,-07232,-00020,-00150,-00408
14:52:14.804 -> Raw:-06472,-00616,15568,-03078,-17713,-08039,-00036,-00160,-00413
14:52:14.852 -> Raw:-06520,-01688,14984,-12741,-14726,00662,-00042,-00144,-00417
14:52:14.910 -> Raw:-06864,00424,14904,01722,-12306,07117,-00073,-00142,-00418
14:52:14.910 -> Raw:-01960,00104,16880,09767,-15928,01786,-00080,-00156,-00410
14:52:14.957 -> Raw:-04592,00160,16008,04740,-12307,05352,-00086,-00150,-00413
14:52:15.010 -> Raw:00144,00352,14312,07596,-09844,-02780,-00104,-00163,-00399
14:52:15.010 -> Raw:-01696,01664,16080,06966,-02125,-04380,-00114,-00168,-00392
14:52:15.057 -> Raw:-01144,00552,17864,06386,-05288,-03899,-00118,-00177,-00393
14:52:15.111 -> Raw:02744,00720,14824,08731,-05190,01096,-00122,-00178,-00379
14:52:15.111 -> Raw:00504,02544,15144,-04376,-01124,-01207,-00114,-00186,-00372
14:52:15.158 -> Raw:00960,00592,10696,-04643,07663,-06460,-00116,-00177,-00381
14:52:15.211 -> Raw:01064,02064,15592,01826,02216,-01707,-00106,-00176,-00387
14:52:15.258 -> Raw:-01216,02328,15776,06730,02594,01044,-00125,-00181,-00377
14:52:15.258 -> Raw:-02008,02656,17504,05006,02975,-00556,-00116,-00182,-00388
14:52:15.305 -> Raw:-03832,03104,17088,04709,02196,-00051,-00113,-00195,-00371
14:52:15.354 -> Raw:-01976,02520,17248,04804,00555,-00590,-00098,-00196,-00369
14:52:15.411 -> Raw:-00888,02224,16336,02504,-00838,00267,-00110,-00190,-00378
14:52:15.411 -> Raw:-00744,03720,15936,03621,-00787,01159,-00100,-00199,-00378
14:52:15.458 -> Raw:-02096,04064,16056,01769,-01275,00108,-00117,-00201,-00369
14:52:15.511 -> Raw:-02080,04680,15528,01775,-00323,00650,-00109,-00201,-00357
14:52:15.511 -> Raw:-00488,04144,16544,01051,-01715,00991,-00105,-00202,-00348
14:52:15.558 -> Raw:-01632,04512,14960,01464,-01467,00128,-00105,-00209,-00363
14:52:15.612 -> Raw:-01608,05288,16256,00060,-00828,00442,-00110,-00202,-00355
14:52:15.612 -> Raw:-00728,05192,15800,02324,-00596,00114,-00112,-00216,-00362
14:52:15.674 -> Raw:-01328,05768,13768,04923,-04142,-00261,-00109,-00218,-00359
14:52:15.674 -> Raw:-00696,04504,16392,02903,-00185,00163,-00109,-00198,-00357
14:52:15.712 -> Raw:-01416,05440,15448,03311,-01524,00504,-00098,-00211,-00349
14:52:15.752 -> Raw:-00848,05216,15640,02059,-01252,01242,-00112,-00218,-00352
14:52:15.813 -> Raw:-00696,05280,15120,02261,-01235,01351,-00124,-00209,-00348
14:52:15.813 -> Raw:-00864,05840,12416,02580,-00783,01645,-00114,-00218,-00337
14:52:15.854 -> Raw:00696,06872,15096,-00448,-00957,-03463,-00114,-00218,-00349
14:52:15.887 -> Raw:-00232,05968,15000,01610,00059,00117,-00118,-00212,-00335
14:52:15.928 -> Raw:-00136,06336,15168,-00618,02087,-00561,-00112,-00223,-00334
14:52:15.975 -> Raw:-00392,05712,15272,-02394,00302,00253,-00117,-00228,-00332
14:52:16.013 -> Raw:01024,05640,15592,-04742,00921,-00813,-00117,-00221,-00339
14:52:16.062 -> Raw:04568,09264,14944,-04395,-00225,-00774,-00114,-00216,-00339
14:52:16.062 -> Raw:-01000,04752,15384,-05556,00330,00533,-00117,-00211,-00337
14:52:16.113 -> Raw:-00160,04936,15568,-01668,-01584,00989,-00109,-00208,-00332
14:52:16.160 -> Raw:-00072,04888,15008,-03387,00162,01355,-00121,-00207,-00338
14:52:16.213 -> Raw:-00528,04768,18584,-03292,01613,04442,-00128,-00211,-00334
14:52:16.213 -> Raw:00048,04352,15232,-03843,01141,01649,-00120,-00203,-00334
14:52:16.254 -> Raw:-00792,02384,15552,-06704,-01306,-02846,-00121,-00202,-00340
14:52:16.314 -> Raw:-09168,-15128,18288,-32768,03164,02582,-00120,-00181,-00369
14:52:16.314 -> Raw:-00392,00440,16416,-00647,00206,-00053,-00126,-00155,-00373
14:52:16.360 -> Raw:00048,00256,16232,-01312,00295,01763,-00122,-00154,-00367
14:52:16.398 -> Raw:-01264,00528,15952,-01128,00994,02837,-00117,-00161,-00372
14:52:16.446 -> Raw:01920,00216,16344,-00169,-00473,00717,-00120,-00151,-00374
14:52:16.494 -> Raw:-00232,00064,16344,-00015,-00427,00162,-00117,-00149,-00374
14:52:16.494 -> Raw:-00432,00176,16408,-00347,00657,-00358,-00122,-00159,-00359
14:52:16.530 -> Raw:-00320,00168,16304,-00045,-00278,00347,-00126,-00162,-00373
14:52:16.576 -> Raw:-00328,-00032,16056,-00132,-00057,00337,-00128,-00163,-00369
14:52:16.614 -> Raw:-00152,-00024,16488,00197,-00481,-00137,-00125,-00163,-00372
14:52:16.648 -> Raw:-00280,00144,16392,-00043,-00214,-00133,-00125,-00151,-00364
14:52:16.699 -> Raw:-00368,-00024,16520,00142,00017,-00168,-00134,-00162,-00366
14:52:16.699 -> Raw:00240,00336,16432,00347,-00171,-03509,-00121,-00157,-00371
14:52:16.746 -> Raw:-03160,09544,17096,-00323,00054,-05295,-00128,-00161,-00369
14:52:16.792 -> Raw:-00472,-01464,16416,-00453,00453,-00624,-00124,-00157,-00373
14:52:16.830 -> Raw:00024,00136,16128,01382,-00849,-01243,-00125,-00168,-00364
14:52:16.878 -> Raw:-00176,00160,16440,-00023,-00262,00297,-00121,-00165,-00371
14:52:16.878 -> Raw:-00320,00296,15824,-01803,00661,-00308,-00118,-00152,-00371
14:52:16.935 -> Raw:00120,00168,16544,-00412,01639,01219,-00114,-00163,-00372
14:52:16.982 -> Raw:00072,00176,16096,00507,-03397,-00275,-00117,-00168,-00369
14:52:16.982 -> Raw:-00264,00168,16144,00036,-00857,-00197,-00118,-00162,-00371
14:52:17.031 -> Raw:-00216,00160,16352,-00300,00312,-00331,-00118,-00162,-00376
14:52:17.078 -> Raw:-00264,00040,16256,-00671,00450,-00366,-00114,-00163,-00372
14:52:17.116 -> Raw:-00232,00048,16248,-00657,00694,-00285,-00121,-00170,-00373
14:52:17.163 -> Raw:-00376,-00072,16544,-00391,00325,-00310,-00126,-00170,-00378
14:52:17.163 -> Raw:-00176,00160,16592,-00370,00220,-00321,-00122,-00161,-00384
14:52:17.216 -> Raw:-00144,00232,16376,00004,-00009,00352,-00120,-00159,-00387
14:52:17.263 -> Raw:-00384,00208,16336,00081,00075,00281,-00113,-00167,-00393
14:52:17.263 -> Raw:-00240,00232,16384,-00333,00200,-00153,-00112,-00159,-00392
14:52:17.316 -> Raw:-00408,00112,16504,00081,-00287,00156,-00108,-00165,-00398
14:52:17.372 -> Raw:-00264,-00024,16304,-00139,00233,-00090,-00116,-00167,-00388
14:52:17.372 -> Raw:-00160,00192,16352,-00645,00267,-00280,-00114,-00173,-00389
14:52:17.417 -> Raw:-00248,00128,16400,00214,00194,00115,-00120,-00166,-00384
14:52:17.464 -> Raw:-00144,00072,16392,-00318,00382,00097,-00110,-00167,-00388
14:52:17.501 -> Raw:-00008,-00080,16416,00248,-00130,00228,-00108,-00162,-00383
14:52:17.548 -> Raw:-00240,00040,16184,-00207,00393,00032,-00126,-00167,-00386
14:52:17.548 -> Raw:-00368,-00032,16344,00170,-00084,00391,-00106,-00166,-00384
14:52:17.597 -> Raw:-00400,00080,16528,-00346,00604,-00112,-00118,-00160,-00391
14:52:17.632 -> Raw:-00200,00232,16376,-00390,00654,-00040,-00116,-00170,-00393
14:52:17.679 -> Raw:-00568,00192,16424,-00300,00564,00097,-00117,-00166,-00399
14:52:17.717 -> Raw:-00288,00032,16336,00048,-00128,00169,-00121,-00160,-00393
14:52:17.764 -> Raw:-00296,00144,16552,00212,-00029,00320,-00122,-00168,-00387
14:52:17.764 -> Raw:-00088,00200,16368,00156,-00068,00165,-00121,-00162,-00391
14:52:17.817 -> Raw:-00272,00032,16328,00219,-00017,00163,-00112,-00168,-00397
14:52:17.864 -> Raw:-00152,-00120,16424,00160,-00557,00116,-00106,-00168,-00387
14:52:17.918 -> Raw:-00360,-00008,16240,-00256,00340,-00092,-00117,-00166,-00389
14:52:17.918 -> Raw:-00288,00016,16384,-00331,00289,-00326,-00108,-00162,-00391
14:52:17.964 -> Raw:-00024,00024,16384,-00100,-00225,00156,-00117,-00161,-00387
14:52:18.002 -> Raw:-00440,-00008,16128,-00304,00046,-00077,-00116,-00162,-00388
14:52:18.036 -> Raw:-00168,00072,16408,-00042,00400,00123,-00114,-00166,-00397
14:52:18.075 -> Raw:-00064,-00104,16360,00040,-00288,00346,-00120,-00163,-00394
14:52:18.118 -> Raw:-00424,-00032,16352,-00571,00273,-00143,-00120,-00161,-00399
14:52:18.118 -> Raw:-00464,00032,16368,-00370,00296,-00306,-00116,-00170,-00401
14:52:18.154 -> Raw:-00176,00072,16600,-00019,-00040,00346,-00118,-00162,-00383
14:52:18.201 -> Raw:-00200,00088,16264,-00415,00463,-00203,-00117,-00171,-00399
14:52:18.250 -> Raw:-00296,00136,16384,-00162,-00257,00275,-00109,-00168,-00389
14:52:18.298 -> Raw:-00200,00008,16432,00184,00153,00577,-00117,-00163,-00389
14:52:18.298 -> Raw:-00192,00088,16368,00032,00009,00208,-00105,-00162,-00388
14:52:18.334 -> Raw:-00272,00056,16448,00166,00237,00123,-00113,-00157,-00391
14:52:18.381 -> Raw:-00384,00048,16288,-00041,-00269,00093,-00108,-00167,-00401
14:52:18.419 -> Raw:-00272,00200,16208,-00432,00495,00085,-00105,-00167,-00386
14:52:18.467 -> Raw:-00208,00112,16368,-00019,-00013,00178,-00114,-00159,-00379
14:52:18.467 -> Raw:-00344,-00000,16416,-00336,00574,00020,-00117,-00159,-00389
14:52:18.513 -> Raw:-00352,00096,16184,-00354,00491,-00087,-00110,-00160,-00381
14:52:18.550 -> Raw:00072,00080,16328,00018,-00307,00427,-00108,-00157,-00383
14:52:18.597 -> Raw:-00216,-00024,16464,00147,00064,00110,-00108,-00152,-00383
14:52:18.636 -> Raw:-00128,00048,16272,-00363,00219,-00022,-00122,-00168,-00394
14:52:18.683 -> Raw:-00112,00008,16376,-00381,00575,00049,-00106,-00168,-00394
14:52:18.683 -> Raw:-00136,00080,16240,-00249,00350,00108,-00112,-00163,-00387
14:52:18.720 -> Raw:-00304,00184,16520,00247,-00191,00326,-00114,-00166,-00394
14:52:18.769 -> Raw:-00120,-00024,16344,-00196,-00192,00267,-00114,-00166,-00387
14:52:18.820 -> Raw:-00048,00008,16472,00148,-00089,00596,-00112,-00161,-00399
14:52:18.820 -> Raw:-00232,-00000,16080,00210,-00109,00347,-00114,-00163,-00399
14:52:18.867 -> Raw:-00080,00184,16336,-00252,00511,-00168,-00110,-00162,-00391
14:52:18.920 -> Raw:-00088,-00072,16168,-00366,00046,-00110,-00112,-00168,-00392
14:52:18.967 -> Raw:-00168,00120,16320,00104,00048,00319,-00113,-00155,-00401
14:52:18.967 -> Raw:-00296,00096,16264,00112,-00348,00375,-00106,-00166,-00387
14:52:19.014 -> Raw:-00160,00152,16408,-00726,00603,-00085,-00096,-00156,-00384
14:52:19.066 -> Raw:-00400,00200,16208,00119,00380,00236,-00126,-00165,-00396
14:52:19.066 -> Raw:-00056,-00024,16264,-00360,00354,-00057,-00108,-00167,-00393
14:52:19.120 -> Raw:-00176,-00064,16432,-00036,-00092,00389,-00113,-00150,-00393
14:52:19.167 -> Raw:-00056,00016,16544,-00289,00389,00047,-00106,-00159,-00392
14:52:19.220 -> Raw:-00312,-00096,16400,-00170,-00077,00328,-00121,-00167,-00391
14:52:19.220 -> Raw:-00040,-00192,16400,00247,-00046,00361,-00114,-00159,-00397
14:52:19.267 -> Raw:-00208,00008,16320,-00130,-00486,00499,-00110,-00160,-00388
14:52:19.320 -> Raw:-00504,-00040,16224,-00419,00393,00090,-00104,-00161,-00387
14:52:19.320 -> Raw:-00072,00104,16352,-00505,00253,00017,-00116,-00167,-00381
14:52:19.360 -> Raw:-00168,00136,16424,-00516,00215,-00076,-00114,-00154,-00392
14:52:19.421 -> Raw:-00056,00016,16152,00053,-00269,00091,-00113,-00160,-00388
14:52:19.421 -> Raw:-00352,00024,16416,00061,-00083,-00113,-00120,-00166,-00389
14:52:19.460 -> Raw:-00304,00120,16376,-00360,00257,-00102,-00109,-00166,-00397
14:52:19.522 -> Raw:-00256,00032,16304,-00324,00544,00037,-00106,-00161,-00392
14:52:19.522 -> Raw:-00280,00040,16328,00205,-00076,-00018,-00125,-00166,-00402
14:52:19.567 -> Raw:-00280,00088,16432,-00236,00475,00170,-00114,-00159,-00389
14:52:19.621 -> Raw:-00256,00112,16312,-00243,-00247,00125,-00110,-00162,-00396
14:52:19.670 -> Raw:-00272,00032,16496,00107,-00256,00496,-00116,-00165,-00398
14:52:19.670 -> Raw:-00408,00080,16480,-00308,00661,-00141,-00105,-00170,-00396
14:52:19.721 -> Raw:-00264,00160,16440,00060,00119,-00157,-00116,-00162,-00383
14:52:19.768 -> Raw:-00320,-00008,16296,00061,-00227,-00129,-00112,-00161,-00397
14:52:19.768 -> Raw:-00184,00104,16352,-00022,00350,-00051,-00116,-00165,-00406
14:52:19.822 -> Raw:-00296,00064,16424,-00071,-00320,00183,-00110,-00167,-00388
14:52:19.869 -> Raw:-00160,00040,16272,-00138,00089,00638,-00118,-00170,-00396
14:52:19.922 -> Raw:-00312,00120,16312,-00160,00549,-00228,-00113,-00167,-00388
14:52:19.922 -> Raw:-00312,00272,16328,00402,-00025,00471,-00120,-00159,-00402
14:52:19.969 -> Raw:-00120,00232,16528,-00115,-00041,00129,-00106,-00168,-00392
14:52:20.022 -> Raw:-00352,-00200,16504,-00169,-00083,-00324,-00117,-00166,-00399
14:52:20.022 -> Raw:-00080,00104,16312,-00316,00369,-00038,-00110,-00167,-00398
14:52:20.069 -> Raw:-00184,-00104,16376,-00139,-00348,00415,-00113,-00167,-00398
14:52:20.107 -> Raw:-00184,00040,16352,00019,00118,00311,-00117,-00163,-00394
14:52:20.154 -> Raw:-00320,-00056,16400,-00499,00575,-00096,-00116,-00167,-00388
14:52:20.154 -> Raw:-00184,00072,16288,-00059,-00260,00084,-00109,-00156,-00399
14:52:20.201 -> Raw:-00184,-00000,16208,-00252,-00112,00256,-00116,-00172,-00391
14:52:20.239 -> Raw:-00264,00104,16440,-00336,00697,-00133,-00112,-00156,-00387
14:52:20.286 -> Raw:-00232,-00040,16296,-00041,00118,-00168,-00108,-00160,-00401
14:52:20.324 -> Raw:-00392,00208,16520,-00541,00336,-00379,-00100,-00165,-00396
14:52:20.370 -> Raw:-00104,-00104,16312,-00454,00456,-00037,-00113,-00160,-00391
14:52:20.370 -> Raw:-00200,00248,16120,00043,-00239,00105,-00109,-00166,-00394
14:52:20.424 -> Raw:-00040,00128,16288,00059,-00182,00269,-00102,-00167,-00391
14:52:20.466 -> Raw:-00280,00072,16416,-00434,00155,00018,-00110,-00162,-00388
14:52:20.524 -> Raw:-00336,00136,16328,00127,-00015,00306,-00124,-00167,-00393
14:52:20.524 -> Raw:-00240,00032,16400,-00395,00507,-00169,-00114,-00161,-00389
14:52:20.571 -> Raw:-00200,-00112,16264,-00703,00110,-00167,-00120,-00163,-00384
14:52:20.618 -> Raw:-00208,00224,16480,-00283,00364,00095,-00117,-00171,-00394
14:52:20.618 -> Raw:-00160,00080,16160,-00245,00462,00141,-00108,-00160,-00391
14:52:20.664 -> Raw:-00136,00208,16456,-00801,00325,-00005,-00124,-00162,-00396
14:52:20.725 -> Raw:-00328,00080,16280,00067,00236,00259,-00113,-00170,-00393
14:52:20.725 -> Raw:-00136,00192,16616,-00390,00469,-00345,-00114,-00166,-00394
14:52:20.771 -> Raw:-00208,00288,16224,-00009,-00227,00353,-00114,-00163,-00394
14:52:20.809 -> Raw:-00224,00136,16408,00105,00077,00393,-00118,-00162,-00396
14:52:20.856 -> Raw:-00240,-00072,16336,-00324,00199,-00041,-00122,-00161,-00399
14:52:20.903 -> Raw:-00256,00120,16504,-00061,-00100,00110,-00114,-00171,-00397
14:52:20.903 -> Raw:-00184,00152,16256,-00014,-00240,00488,-00120,-00168,-00402
14:52:20.941 -> Raw:-00184,-00032,16344,00006,00199,00091,-00109,-00163,-00394
14:52:20.988 -> Raw:00008,-00928,16328,-00354,00383,-01074,-00118,-00162,-00401
14:52:21.025 -> Raw:-00256,00128,16352,-00411,00509,-00220,-00122,-00161,-00399
14:52:21.072 -> Raw:00152,03064,16448,00150,-00037,-02155,-00122,-00171,-00384
14:52:21.072 -> Raw:-00248,00096,16336,-00613,00322,-00114,-00105,-00170,-00386
14:52:21.125 -> Raw:-00512,-01968,16384,-00492,00561,-00812,-00100,-00165,-00398
14:52:21.181 -> Raw:-00272,00072,16576,-00225,-00154,00295,-00109,-00178,-00394
14:52:21.181 -> Raw:-00080,00096,16288,-00538,00096,-00185,-00121,-00167,-00403
14:52:21.226 -> Raw:-00296,00176,16488,00033,-00167,00195,-00113,-00165,-00393
14:52:21.273 -> Raw:-00088,-00048,16568,-00104,00045,00533,-00112,-00171,-00394
14:52:21.326 -> Raw:-00352,00024,16592,-00669,00145,00059,-00113,-00160,-00381
14:52:21.326 -> Raw:-00056,-00424,16328,-00441,00450,-01692,-00120,-00173,-00387
14:52:21.373 -> Raw:-00368,00120,16392,-00007,-00532,01127,-00120,-00161,-00369
14:52:21.426 -> Raw:-02032,02376,16336,-00925,00884,-03363,-00108,-00175,-00376
14:52:21.426 -> Raw:-01088,00696,16296,00187,-00065,-08246,-00116,-00167,-00373
14:52:21.473 -> Raw:-00496,00520,16280,-00580,00101,-08932,-00105,-00175,-00376
14:52:21.526 -> Raw:-01824,02328,16920,-01788,-00259,-09892,-00112,-00183,-00374
14:52:21.526 -> Raw:00064,-00048,16016,-00835,-00179,-06739,-00100,-00182,-00376
14:52:21.573 -> Raw:00160,-00256,16808,-00311,00036,-01187,-00096,-00171,-00372
14:52:21.626 -> Raw:-00304,-00192,16408,00293,-00163,-00055,-00081,-00182,-00373
14:52:21.674 -> Raw:00304,-01208,15896,-03111,00912,-08950,-00096,-00181,-00379
14:52:21.674 -> Raw:-00072,-00840,13696,05199,-00787,-17962,-00086,-00180,-00376
14:52:21.726 -> Raw:00016,00024,15672,-00796,00174,-08704,-00089,-00190,-00371
14:52:21.726 -> Raw:-00504,00536,16728,-00260,00619,-12579,-00074,-00181,-00382
14:52:21.773 -> Raw:00064,00944,16432,-02022,00729,-19028,-00070,-00195,-00373
14:52:21.826 -> Raw:-00816,00392,16400,-01443,00484,-08248,-00060,-00199,-00378
14:52:21.826 -> Raw:-01536,00240,15912,-00773,-00192,-05462,-00054,-00190,-00373
14:52:21.873 -> Raw:00320,-01000,15712,-00067,00332,-11650,-00052,-00199,-00371
14:52:21.926 -> Raw:01864,-01424,13144,00435,-00619,-08917,-00049,-00197,-00376
14:52:21.926 -> Raw:-00504,-00480,15416,-01042,00453,-04471,-00045,-00208,-00377
14:52:21.973 -> Raw:-00160,-00120,16472,00182,-00206,00498,-00033,-00195,-00376
14:52:22.026 -> Raw:-05224,-00400,14528,00095,-00231,03980,-00033,-00192,-00373
14:52:22.026 -> Raw:-16688,15128,13160,04196,05212,25718,-00034,-00203,-00384
14:52:22.073 -> Raw:-01008,-00888,16536,02314,04058,00718,-00036,-00202,-00383
14:52:22.073 -> Raw:00112,00344,17264,01079,00544,-08018,-00041,-00187,-00381
14:52:22.127 -> Raw:-00288,00176,16392,-00094,00179,-00249,-00040,-00201,-00367
14:52:22.174 -> Raw:-00312,00176,16544,-00117,00202,00039,-00040,-00201,-00379
14:52:22.174 -> Raw:-00264,-00072,16384,-00182,00679,-00213,-00038,-00199,-00391
14:52:22.231 -> Raw:-01000,-00472,16304,-00015,00109,-06785,-00038,-00199,-00381
14:52:22.277 -> Raw:02008,02112,16280,00308,00156,-01374,-00024,-00201,-00379
14:52:22.277 -> Raw:-00304,-00056,16344,-00281,00637,-00197,-00032,-00206,-00382
14:52:22.327 -> Raw:-00280,00152,16264,-00005,00028,00473,-00034,-00206,-00382
14:52:22.382 -> Raw:02760,00448,16416,00079,-00174,-05012,-00036,-00199,-00378
14:52:22.382 -> Raw:00480,02704,16176,-00272,00623,-13918,-00038,-00204,-00373
14:52:22.427 -> Raw:02280,-00256,15896,-00887,00214,-13222,-00016,-00203,-00377
14:52:22.427 -> Raw:-01112,03480,16440,00766,-00186,-13778,-00014,-00182,-00376
14:52:22.465 -> Raw:-04192,02304,16944,-01048,00624,-25170,-00009,-00197,-00368
14:52:22.512 -> Raw:00432,00184,15272,00441,-00024,-14063,00005,-00201,-00379
14:52:22.559 -> Raw:-09872,03984,17664,-01592,-01102,-19535,00004,-00202,-00368
14:52:22.559 -> Raw:-05336,02248,13704,-01064,-00882,-18038,00018,-00196,-00377
14:52:22.607 -> Raw:-09904,-07368,22336,00356,-00037,-11504,00042,-00173,-00372
14:52:22.643 -> Raw:00160,01824,16808,-00337,-00082,-16932,00034,-00173,-00377
14:52:22.643 -> Raw:-01592,-02072,17176,-00285,-00008,-12136,00041,-00182,-00381
14:52:22.691 -> Raw:-00560,-00848,16360,00355,-01085,-13036,00050,-00171,-00372
14:52:22.737 -> Raw:-00368,00008,16416,00129,-00193,-11381,00045,-00168,-00382
14:52:22.737 -> Raw:-00512,00920,16832,-00206,00417,-17234,00062,-00167,-00388
14:52:22.779 -> Raw:-00072,-01464,16392,-00787,00258,-14611,00060,-00162,-00378
14:52:22.828 -> Raw:00848,-00296,16320,-00086,-00116,-07993,00073,-00155,-00383
14:52:22.875 -> Raw:00256,00216,16240,-00138,-00184,-02685,00069,-00163,-00379
14:52:22.875 -> Raw:00536,01232,16288,-00205,-00139,-00187,00070,-00152,-00383
14:52:22.928 -> Raw:00392,-00128,16200,-00462,00272,-02246,00076,-00157,-00371
14:52:22.928 -> Raw:-00512,-00440,16312,-00465,-00344,-00893,00073,-00157,-00371
14:52:22.975 -> Raw:-00208,-00424,16288,-00310,00428,-00105,00076,-00157,-00383
14:52:23.029 -> Raw:00288,00328,16424,-00949,00019,03091,00074,-00151,-00377
14:52:23.029 -> Raw:-01032,00376,16592,-00085,00805,03841,00072,-00159,-00367
14:52:23.075 -> Raw:-00224,-00256,16328,00718,-00264,00381,00080,-00151,-00379
14:52:23.129 -> Raw:-00048,-00048,16312,00212,00144,00577,00082,-00161,-00377
14:52:23.129 -> Raw:-00152,-00032,16312,-00505,00744,00026,00069,-00154,-00374
14:52:23.176 -> Raw:-00096,-00120,16240,-00288,00216,00294,00066,-00159,-00382
14:52:23.230 -> Raw:-00064,-00096,16448,-00392,00038,00404,00073,-00160,-00386
14:52:23.230 -> Raw:-00144,00280,16320,-00103,00152,00627,00084,-00155,-00383
14:52:23.276 -> Raw:-01128,00728,16648,-00136,00510,02545,00084,-00165,-00376
14:52:23.276 -> Raw:-00232,-00376,16496,00046,00867,05371,00078,-00155,-00391
14:52:23.311 -> Raw:-00304,00320,16408,00129,00098,02771,00082,-00161,-00394
14:52:23.345 -> Raw:-00240,-00440,16440,-00124,00478,02922,00073,-00155,-00396
14:52:23.392 -> Raw:-00200,-00104,16328,-00403,00035,-00024,00068,-00160,-00393
14:52:23.430 -> Raw:-00144,-00056,16488,-00290,00533,-00068,00072,-00173,-00389
14:52:23.479 -> Raw:-00648,-00464,16352,-00262,00443,-00136,00062,-00165,-00393
14:52:23.479 -> Raw:-00176,00096,16488,-00085,-00164,-00389,00068,-00162,-00386
14:52:23.514 -> Raw:-00008,-00064,16312,00126,-00154,-00460,00068,-00160,-00396
14:52:23.562 -> Raw:-00048,00008,16400,00141,-00094,00383,00074,-00161,-00394
14:52:23.610 -> Raw:00008,00256,16472,-00277,00432,-00776,00068,-00165,-00396
14:52:23.610 -> Raw:-00160,-00000,16360,-00108,00475,-00179,00065,-00167,-00393
14:52:23.646 -> Raw:-00264,00064,16424,00169,00026,00262,00077,-00159,-00405
14:52:23.693 -> Raw:-00216,-00712,16584,00053,-00390,-00036,00069,-00161,-00397
14:52:23.693 -> Raw:-00296,00032,16320,-00019,-00167,00057,00066,-00166,-00394
14:52:23.731 -> Raw:-00088,-00144,16528,-00306,00591,-00046,00081,-00167,-00388
14:52:23.778 -> Raw:-00096,-00152,16296,-00397,00545,-00457,00077,-00159,-00392
14:52:23.831 -> Raw:-00168,-00064,16480,-00257,00296,-00497,00072,-00163,-00387
14:52:23.831 -> Raw:-00136,00056,16472,-00187,-00181,-00216,00070,-00160,-00383
14:52:23.878 -> Raw:-00136,00008,16488,-00023,-00298,-00221,00072,-00166,-00389
14:52:23.931 -> Raw:-00216,00024,16592,-00060,-00121,00215,00074,-00163,-00392
14:52:23.931 -> Raw:-00096,-00040,16248,-00472,00047,-00053,00069,-00163,-00379
14:52:23.978 -> Raw:-00216,-00464,16496,-00291,00503,-00484,00072,-00151,-00387
14:52:24.031 -> Raw:00024,-00184,16464,00015,00012,00128,00076,-00157,-00383
14:52:24.031 -> Raw:00104,-00088,16640,00212,-00241,00465,00060,-00157,-00381
14:52:24.078 -> Raw:-00184,-00152,16184,00113,-00290,00272,00077,-00159,-00397
14:52:24.132 -> Raw:-00136,-00256,16448,-00388,00255,-00230,00081,-00160,-00386
14:52:24.132 -> Raw:00032,00016,16336,-00353,00307,-00182,00076,-00155,-00388
14:52:24.179 -> Raw:-00192,-00136,16296,-00390,00236,-00075,00076,-00157,-00388
14:52:24.179 -> Raw:-00056,-00088,16400,00067,-00166,00291,00081,-00162,-00393
14:52:24.232 -> Raw:-00104,-00048,16336,00038,-00029,00137,00077,-00163,-00387
14:52:24.279 -> Raw:-00224,-00128,16312,00015,-00130,00133,00081,-00162,-00386
14:52:24.279 -> Raw:-00240,-00184,16320,-00489,00282,-00116,00065,-00160,-00378
14:52:24.326 -> Raw:-00008,-00096,16352,-00540,00303,-00372,00064,-00161,-00382
14:52:24.362 -> Raw:-00136,-00152,16448,00241,-00133,00161,00076,-00167,-00388
14:52:24.409 -> Raw:-00256,-00040,16496,00177,-00260,00138,00065,-00160,-00378
14:52:24.409 -> Raw:-00224,-00072,16368,-00074,-00179,00268,00076,-00160,-00388
14:52:24.448 -> Raw:-00032,-00176,16376,-00557,00485,-00063,00066,-00166,-00384
14:52:24.495 -> Raw:-00200,-00128,16424,-00515,00328,00099,00077,-00166,-00384
14:52:24.533 -> Raw:-00248,00032,16392,-00114,00470,00038,00078,-00162,-00381
14:52:24.533 -> Raw:-00032,-00088,16408,00159,-00049,00337,00078,-00157,-00391
14:52:24.580 -> Raw:-00104,-00080,16552,00073,-00008,00133,00077,-00156,-00389
14:52:24.633 -> Raw:-00136,-00032,16512,-00186,-00222,00458,00066,-00168,-00384
14:52:24.633 -> Raw:-00224,00040,16408,-00238,00414,-00199,00065,-00152,-00381
14:52:24.680 -> Raw:-00344,-00032,16376,-00398,00298,-00516,00064,-00154,-00387
14:52:24.733 -> Raw:-00240,-00096,16128,-00043,-00036,00432,00074,-00163,-00387
14:52:24.733 -> Raw:-00216,-00168,16240,00116,-00012,-00042,00069,-00156,-00392
14:52:24.780 -> Raw:-00248,-00200,16464,00098,-00281,00079,00066,-00156,-00377
14:52:24.834 -> Raw:-00048,-00200,16192,-00462,00306,00045,00066,-00161,-00384
14:52:24.834 -> Raw:-00432,-00248,16424,-00371,00748,-00102,00078,-00157,-00391
14:52:24.895 -> Raw:-00304,00048,16528,-00411,00344,-00143,00084,-00157,-00381
14:52:24.895 -> Raw:-00208,-00048,16304,00111,-00212,00342,00082,-00168,-00394
14:52:24.933 -> Raw:-00192,-00344,16472,00058,-00254,00406,00074,-00154,-00377
14:52:24.980 -> Raw:-00088,-00088,16344,-00027,-00067,00295,00074,-00161,-00387
14:52:25.034 -> Raw:-00280,-00232,16456,-00391,00063,-00324,00072,-00161,-00384
14:52:25.034 -> Raw:-00136,00056,16472,-00370,00252,00121,00081,-00160,-00383
14:52:25.081 -> Raw:00128,00024,16400,00042,-00054,00150,00064,-00161,-00374
14:52:25.081 -> Raw:-00352,-00008,16600,00085,-00005,00136,00078,-00155,-00396
14:52:25.134 -> Raw:-00072,00072,16472,-00154,00019,00228,00073,-00160,-00383
14:52:25.181 -> Raw:00048,-00064,16472,-00390,00632,-00007,00072,-00166,-00387
14:52:25.181 -> Raw:-00224,-00032,16576,-00471,00172,00042,00072,-00161,-00392
14:52:25.235 -> Raw:-00016,-00032,16392,-00172,00451,-00024,00078,-00155,-00388
14:52:25.282 -> Raw:-00280,-00128,16376,-00064,-00023,00237,00078,-00167,-00391
14:52:25.282 -> Raw:-00344,-00112,16576,00072,00041,00426,00069,-00156,-00387
14:52:25.335 -> Raw:00008,-00056,16496,00081,-00022,00238,00066,-00161,-00384
14:52:25.381 -> Raw:-00168,-00096,16416,-00435,00322,00110,00080,-00159,-00382
14:52:25.381 -> Raw:-00072,-00048,16672,-00414,00266,-00363,00081,-00155,-00386
14:52:25.435 -> Raw:-00240,-00144,16464,00158,00040,00299,00072,-00159,-00392
14:52:25.435 -> Raw:-00152,-00008,16264,-00085,-00008,00361,00068,-00157,-00388
14:52:25.482 -> Raw:-00200,-00168,16568,00014,-00283,00267,00081,-00165,-00383
14:52:25.536 -> Raw:-00176,-00008,16408,-00401,00148,-00067,00077,-00166,-00389
14:52:25.536 -> Raw:-00224,-00016,16472,-00474,00310,-00259,00077,-00154,-00387
14:52:25.595 -> Raw:-00248,-00288,16408,-00237,00581,-00154,00078,-00155,-00386
14:52:25.595 -> Raw:-00096,00008,16608,00094,-00420,00473,00078,-00157,-00381
14:52:25.636 -> Raw:00008,-00232,16448,-00193,00129,00209,00066,-00166,-00384
14:52:25.683 -> Raw:-00344,-00200,16368,00087,00169,00255,00073,-00165,-00383
14:52:25.736 -> Raw:-00280,-00088,16344,-00310,00396,-00362,00069,-00156,-00382
14:52:25.736 -> Raw:-00160,-00072,16416,-00734,00188,00064,00060,-00162,-00386
14:52:25.784 -> Raw:-00064,-00128,16288,00212,00060,00129,00073,-00160,-00381
14:52:25.836 -> Raw:00056,-00136,16416,-00125,00133,00107,00084,-00165,-00378
14:52:25.836 -> Raw:00200,-00144,16360,00029,00157,00206,00069,-00159,-00384
14:52:25.883 -> Raw:-00128,-00160,16320,00005,-00076,00236,00069,-00168,-00392
14:52:25.883 -> Raw:-00104,-00056,16568,00021,00186,00036,00069,-00156,-00384
14:52:25.921 -> Raw:-00192,-00056,16504,-00034,00050,-00053,00070,-00157,-00378
14:52:25.969 -> Raw:-00096,-00120,16264,-00429,00312,-00316,00061,-00151,-00397
14:52:26.018 -> Raw:-00200,-00104,16368,-00397,00644,-00288,00069,-00163,-00384
14:52:26.018 -> Raw:-00072,-00120,16336,00190,00068,00199,00068,-00155,-00383
14:52:26.052 -> Raw:-00096,00008,16392,-00000,00010,00094,00076,-00160,-00383
14:52:26.099 -> Raw:-00248,-00296,16552,00233,00082,00166,00065,-00172,-00386
14:52:26.137 -> Raw:-00144,-00168,16416,-00231,00134,-00484,00073,-00160,-00381
14:52:26.184 -> Raw:-00352,-00056,16368,-00305,00370,-00298,00070,-00147,-00391
14:52:26.184 -> Raw:-00128,-00256,16448,-00323,00403,00005,00065,-00160,-00378
14:52:26.237 -> Raw:-00240,-00184,16336,00195,-00087,00249,00073,-00155,-00388
14:52:26.237 -> Raw:-00312,-00016,16448,00040,-00123,00295,00077,-00144,-00382
14:52:26.277 -> Raw:-00256,-00048,16424,00079,-00231,00288,00061,-00154,-00384
14:52:26.338 -> Raw:-00160,-00192,16488,-00523,00308,00085,00073,-00157,-00391
14:52:26.338 -> Raw:-00136,-00168,16584,-00234,00406,-00307,00069,-00161,-00387
14:52:26.385 -> Raw:-00120,-00008,16472,-00032,-00337,00091,00077,-00156,-00379
14:52:26.431 -> Raw:-00344,-00096,16416,00093,00061,00285,00072,-00161,-00382
14:52:26.431 -> Raw:-00232,-00168,16392,-00296,-00121,00163,00073,-00167,-00381
14:52:26.476 -> Raw:00032,-00080,16344,-00451,00737,-00139,00077,-00159,-00377
14:52:26.538 -> Raw:-00128,-00128,16216,-00112,-00016,-00199,00078,-00157,-00388
14:52:26.538 -> Raw:-00096,-00304,16424,-00357,00775,-00095,00073,-00162,-00391
14:52:26.585 -> Raw:00056,-00312,16400,00042,00087,00398,00084,-00162,-00398
14:52:26.639 -> Raw:-00136,-00056,16480,-00132,-00231,00308,00077,-00161,-00384
14:52:26.639 -> Raw:-00088,-00040,16384,00020,-00089,00233,00073,-00162,-00383
14:52:26.686 -> Raw:-00208,00016,16400,-00423,00378,-00225,00070,-00157,-00391
14:52:26.738 -> Raw:-00224,-00040,16176,-00470,00418,00182,00073,-00152,-00383
14:52:26.738 -> Raw:-00008,-00248,16352,-00059,-00242,00106,00084,-00165,-00391
14:52:26.785 -> Raw:00064,-00032,16528,00159,00128,00247,00068,-00165,-00393
14:52:26.785 -> Raw:-00136,-00152,16360,-00247,-00137,00396,00077,-00156,-00387
14:52:26.839 -> Raw:-00296,-00104,16392,-00714,00602,00178,00074,-00161,-00384
14:52:26.886 -> Raw:-00032,-00208,16320,-00432,00427,00002,00077,-00163,-00389
14:52:26.886 -> Raw:-00152,-00264,16544,-00385,00477,-00124,00078,-00160,-00388
14:52:26.940 -> Raw:-00208,-00136,16384,00033,-00205,00390,00070,-00162,-00378
14:52:26.992 -> Raw:-00208,00280,16424,00239,-00193,00205,00061,-00159,-00397
14:52:26.992 -> Raw:-00272,-00088,16416,-00362,00639,-00234,00073,-00155,-00383
14:52:27.039 -> Raw:-00088,-00104,16584,00028,-00227,00267,00074,-00156,-00384
14:52:27.086 -> Raw:-00208,00080,16320,00300,00104,00240,00078,-00160,-00393
14:52:27.086 -> Raw:-00304,-00056,16328,00257,00071,00188,00074,-00156,-00387
14:52:27.139 -> Raw:00040,00008,16368,00279,-00180,00112,00077,-00166,-00379
14:52:27.139 -> Raw:-00184,00040,16440,00036,-00216,00561,00074,-00154,-00387
14:52:27.186 -> Raw:-00096,-00112,16440,-00346,00507,-00254,00078,-00155,-00393
14:52:27.239 -> Raw:00040,-00016,16432,-00311,00191,-00009,00074,-00161,-00387
14:52:27.239 -> Raw:-00152,-00008,16448,-00454,-00074,-00171,00086,-00162,-00388
14:52:27.286 -> Raw:-00272,-00288,16088,-00191,-00246,00254,00072,-00163,-00384
14:52:27.339 -> Raw:-00072,-00224,16480,00007,-00035,00144,00076,-00157,-00371
14:52:27.339 -> Raw:00048,-00120,16416,00085,00057,00312,00069,-00166,-00387
14:52:27.395 -> Raw:-00104,-00088,16448,-00427,00319,-00436,00073,-00165,-00383
14:52:27.395 -> Raw:-00128,-00152,16264,-00315,00551,00076,00066,-00161,-00384
14:52:27.439 -> Raw:-00224,-00016,16392,00148,00084,00212,00077,-00161,-00387
14:52:27.486 -> Raw:-00280,-00096,16432,00137,-00408,00202,00061,-00166,-00387
14:52:27.524 -> Raw:-00192,-00088,16312,00048,00053,00230,00070,-00160,-00383
14:52:27.524 -> Raw:-00264,-00056,16680,-00455,00432,-00201,00073,-00157,-00383
14:52:27.571 -> Raw:00056,-00128,16504,-00550,00531,-00144,00069,-00154,-00389
14:52:27.624 -> Raw:-00064,-00152,16472,-00167,00256,-00207,00069,-00156,-00379
14:52:27.624 -> Raw:-00048,-00136,16184,-00114,-00304,00295,00078,-00157,-00386
14:52:27.671 -> Raw:00072,-00136,16248,-00098,-00204,00409,00084,-00162,-00376
14:52:27.718 -> Raw:-00064,-00048,16320,-00094,-00158,00500,00078,-00155,-00378
14:52:27.718 -> Raw:00016,00032,16304,-00303,00497,-00145,00073,-00157,-00381
14:52:27.756 -> Raw:-00248,-00304,16480,-00119,00538,-00133,00058,-00163,-00394
14:52:27.803 -> Raw:-00016,-00056,16352,00039,-00038,00010,00076,-00160,-00381
14:52:27.841 -> Raw:-00280,-00016,16184,-00286,-00383,00165,00077,-00166,-00382
14:52:27.887 -> Raw:-00096,-00064,16328,-00138,-00169,00722,00062,-00165,-00376
14:52:27.887 -> Raw:-00032,-00096,16360,-00515,00650,-00066,00072,-00159,-00384
14:52:27.941 -> Raw:-00176,-00248,16544,-00505,00438,-00006,00069,-00151,-00382
14:52:27.989 -> Raw:00024,-00112,16144,-00494,00078,-00168,00056,-00163,-00374
14:52:27.989 -> Raw:-00088,-00112,16424,00469,-00284,00155,00077,-00154,-00377
14:52:28.036 -> Raw:-00264,-00080,16248,-00123,00081,00076,00069,-00154,-00384
14:52:28.073 -> Raw:-00080,-00088,16120,-00058,-00133,00088,00068,-00160,-00383
14:52:28.073 -> Raw:-00216,-00288,16432,-00198,00170,-00163,00073,-00155,-00376
14:52:28.120 -> Raw:00016,00104,16368,-00293,00134,-00372,00077,-00156,-00384
14:52:28.157 -> Raw:-00328,-00104,16400,-00033,00074,00338,00074,-00161,-00379
14:52:28.204 -> Raw:-00008,-00072,16248,00144,-00251,00435,00074,-00163,-00379
14:52:28.204 -> Raw:-00144,00048,16256,-00080,00207,-00519,00077,-00166,-00379
14:52:28.241 -> Raw:-00184,-00024,16408,-00311,00201,-00194,00070,-00167,-00381
14:52:28.288 -> Raw:-00152,-00136,16344,-00307,00076,-00504,00068,-00160,-00378
14:52:28.341 -> Raw:-00368,-00184,16472,-00279,00444,-00056,00069,-00163,-00389
14:52:28.341 -> Raw:00008,-00112,16480,-00176,-00211,00263,00062,-00160,-00381
14:52:28.388 -> Raw:-00168,-00088,16472,-00038,00022,00182,00076,-00162,-00378
14:52:28.442 -> Raw:-00120,-00248,16288,00054,00074,00140,00077,-00161,-00392
14:52:28.442 -> Raw:-00184,00080,16328,-00106,00644,-00077,00065,-00170,-00386
14:52:28.499 -> Raw:-00088,-00120,16528,-00243,00198,-00438,00077,-00161,-00384
14:52:28.499 -> Raw:00072,-00152,16424,00120,-00267,00286,00086,-00160,-00396
14:52:28.542 -> Raw:-00224,-00064,16392,00015,00112,00355,00069,-00156,-00379
14:52:28.587 -> Raw:00032,-00232,16296,-00154,-00496,00268,00069,-00161,-00392
14:52:28.587 -> Raw:-00152,-00064,16416,-00273,-00024,00123,00080,-00151,-00384
14:52:28.623 -> Raw:-00328,-00160,16208,-00497,00535,-00177,00076,-00160,-00396
14:52:28.657 -> Raw:-00040,-00040,16440,-00276,00481,-00269,00070,-00155,-00388
14:52:28.706 -> Raw:-00088,-00112,16216,00111,-00194,00417,00064,-00163,-00394
14:52:28.742 -> Raw:-00160,-00240,16352,00051,00125,00461,00074,-00161,-00394
14:52:28.789 -> Raw:-00144,-00120,16352,00103,00211,00125,00078,-00160,-00391
14:52:28.789 -> Raw:-00080,-00200,16384,00192,-00344,-00073,00070,-00165,-00391
14:52:28.843 -> Raw:00008,-00088,16424,00083,-00416,00175,00069,-00166,-00384
14:52:28.889 -> Raw:00072,-00168,16368,-00200,00453,00078,00072,-00159,-00389
14:52:28.889 -> Raw:00008,-00240,16480,-00569,00409,00132,00089,-00155,-00388
14:52:28.943 -> Raw:-00192,-00112,16328,-00353,00230,-00419,00070,-00155,-00383
14:52:28.943 -> Raw:00064,-00056,16632,-00114,-00197,01058,00068,-00165,-00391
14:52:28.990 -> Raw:00064,-00104,16264,-00103,-00144,01053,00066,-00156,-00372
14:52:29.043 -> Raw:-00264,-00168,16464,00197,-00106,01909,00070,-00160,-00391
14:52:29.043 -> Raw:-00624,00320,16336,-00374,00009,11379,00072,-00166,-00387
14:52:29.090 -> Raw:00120,01704,15504,00786,-00568,19566,00068,-00165,-00388
14:52:29.124 -> Raw:-02400,01416,16192,00247,-00990,18122,00057,-00172,-00383
14:52:29.159 -> Raw:01960,01472,16264,00449,-00072,16205,00053,-00181,-00382
14:52:29.206 -> Raw:00176,01136,16400,-00093,00120,14562,00044,-00177,-00383
14:52:29.206 -> Raw:-08280,-00344,15160,-00335,00081,24957,00034,-00186,-00367
14:52:29.244 -> Raw:-02600,01848,16448,-00389,00582,24310,00024,-00193,-00384
14:52:29.286 -> Raw:-05880,00120,16104,-01898,00437,29605,00002,-00198,-00374
14:52:29.344 -> Raw:-02272,-01144,16800,-00133,00608,21322,-00009,-00192,-00391
14:52:29.344 -> Raw:-01856,-00464,16064,-00067,-00100,13214,-00025,-00197,-00378
14:52:29.391 -> Raw:03560,-02728,16312,-01119,01328,20800,-00022,-00202,-00381
14:52:29.391 -> Raw:-02696,-00208,15608,01595,-00644,28008,-00044,-00197,-00401
14:52:29.444 -> Raw:-14984,18336,13368,-00657,00321,32767,-00050,-00188,-00379
14:52:29.444 -> Raw:02592,-07584,16832,-00226,01864,30909,-00076,-00187,-00371
14:52:29.493 -> Raw:03744,-03112,13304,-01976,-00030,24495,-00076,-00187,-00378
14:52:29.544 -> Raw:00744,-00336,16456,-00106,00084,01800,-00084,-00187,-00371
14:52:29.544 -> Raw:02432,-00856,17000,-00198,00038,04901,-00086,-00180,-00383
14:52:29.591 -> Raw:12056,-00832,16008,-00621,00248,10867,-00084,-00182,-00383
14:52:29.638 -> Raw:-04808,01312,16552,00258,00470,08697,-00098,-00178,-00379
14:52:29.638 -> Raw:05824,-05064,16064,00583,00306,15061,-00109,-00171,-00382
14:52:29.673 -> Raw:-02608,-00600,16272,-00203,-00395,09472,-00093,-00176,-00377
14:52:29.720 -> Raw:00440,00168,16328,00204,00087,01559,-00104,-00166,-00382
14:52:29.760 -> Raw:-00440,-00120,16336,-00334,00423,03155,-00117,-00173,-00397
14:52:29.760 -> Raw:-00240,-00160,16328,00057,-00482,01083,-00094,-00165,-00386
14:52:29.807 -> Raw:00344,00328,16536,-00195,00470,02901,-00106,-00168,-00384
14:52:29.845 -> Raw:-00392,-00128,16464,-00051,-00306,01815,-00121,-00160,-00386
14:52:29.892 -> Raw:00088,00664,16320,-00283,00250,00236,-00118,-00170,-00388
14:52:29.892 -> Raw:00200,00312,16448,00219,00526,01541,-00116,-00167,-00383
14:52:29.946 -> Raw:-00000,00168,16384,-00137,00550,00194,-00106,-00156,-00389
14:52:29.993 -> Raw:-00232,00048,16160,-00215,-00050,00835,-00117,-00168,-00389
14:52:29.993 -> Raw:-00224,00072,16320,-00009,-00217,-00357,-00112,-00166,-00389
14:52:30.045 -> Raw:-00072,00032,16256,00279,-00153,-00220,-00125,-00163,-00389
14:52:30.045 -> Raw:-00176,00136,16552,-00308,00848,-00031,-00117,-00166,-00394
14:52:30.092 -> Raw:-00392,00104,16408,-00331,00225,-00444,-00102,-00165,-00383
14:52:30.139 -> Raw:-00360,00088,16280,00005,00114,-00039,-00104,-00176,-00394
14:52:30.190 -> Raw:-00232,00160,16352,00005,-00356,00241,-00108,-00165,-00393
14:52:30.190 -> Raw:-00288,00064,16336,00323,-00355,00431,-00105,-00170,-00398
14:52:30.246 -> Raw:-00256,00192,16512,-00354,00565,00015,-00110,-00165,-00393
14:52:30.246 -> Raw:-00176,00248,16400,-00360,00384,-00146,-00121,-00167,-00396
14:52:30.293 -> Raw:-00192,00112,16464,-00499,00287,-00193,-00114,-00171,-00392
14:52:30.346 -> Raw:-00400,00376,16328,00337,-00086,00165,-00100,-00175,-00396
14:52:30.346 -> Raw:-00208,00088,16456,00023,-00053,00294,-00114,-00171,-00394
14:52:30.387 -> Raw:-00296,00216,16344,-00090,00325,-00328,-00112,-00166,-00394
14:52:30.447 -> Raw:-00216,-00048,16320,-00366,00681,-00039,-00109,-00163,-00394
14:52:30.447 -> Raw:-00128,00176,16584,-00576,00171,-00175,-00109,-00163,-00402
14:52:30.494 -> Raw:-00216,00008,16360,-00001,-00043,00241,-00108,-00167,-00391
14:52:30.548 -> Raw:-00200,-00064,16296,-00284,-00050,00094,-00112,-00176,-00397
14:52:30.548 -> Raw:-00336,00064,16224,00190,-00135,-00380,-00116,-00172,-00388
14:52:30.582 -> Raw:-00272,00280,16472,-00204,00183,00015,-00102,-00172,-00391
14:52:30.629 -> Raw:-00264,00224,16328,-00245,00076,-00103,-00108,-00167,-00388
14:52:30.629 -> Raw:-00168,-00008,16488,-00201,00565,-00119,-00106,-00166,-00394
14:52:30.663 -> Raw:-00344,00040,16304,-00057,00150,00151,-00106,-00166,-00387
14:52:30.705 -> Raw:-00264,00016,16440,00147,-00206,00223,-00106,-00178,-00389
14:52:30.748 -> Raw:-00328,00104,16400,00061,-00156,00102,-00108,-00175,-00403
14:52:30.794 -> Raw:-00136,00088,16368,-00404,00153,00008,-00112,-00168,-00397
14:52:30.794 -> Raw:-00200,00112,16368,-00511,00453,-00296,-00104,-00163,-00394
14:52:30.848 -> Raw:-00224,-00000,16456,-00108,-00238,00101,-00116,-00162,-00388
14:52:30.895 -> Raw:-00056,00120,16536,00072,-00089,00302,-00126,-00175,-00393
14:52:30.895 -> Raw:-00272,00032,16288,00171,-00109,00320,-00102,-00162,-00396
14:52:30.948 -> Raw:-00136,00024,16424,-00471,00422,-00285,-00114,-00176,-00397
14:52:30.948 -> Raw:-00056,00104,16368,-00478,00511,-00091,-00116,-00162,-00398
14:52:30.995 -> Raw:-00208,00016,16360,-00287,00433,00053,-00117,-00163,-00402
14:52:31.048 -> Raw:-00400,00312,16296,00066,00225,00292,-00106,-00181,-00397
14:52:31.048 -> Raw:-00136,00040,16288,-00352,00473,-00081,-00110,-00160,-00398
14:52:31.095 -> Raw:-00368,00208,16304,-00323,00528,-00451,-00105,-00165,-00398
14:52:31.148 -> Raw:-00248,00056,16360,00214,-00075,00304,-00113,-00165,-00393
14:52:31.148 -> Raw:-00184,-00024,16328,-00077,-00138,00204,-00105,-00170,-00393
14:52:31.195 -> Raw:-00184,00080,16216,-00291,00094,-00387,-00109,-00166,-00389
14:52:31.233 -> Raw:-00272,00080,16480,-00400,00140,-00276,-00112,-00171,-00392
14:52:31.280 -> Raw:-00176,-00024,16520,-00668,00258,-00248,-00112,-00168,-00399
14:52:31.280 -> Raw:-00424,00072,16280,00059,-00094,00130,-00108,-00175,-00383
14:52:31.327 -> Raw:-00320,00264,16136,00118,00109,00321,-00116,-00175,-00393
14:52:31.365 -> Raw:-00248,00016,16568,-00204,00652,-00205,-00102,-00165,-00393
14:52:31.365 -> Raw:-00216,-00000,16216,-00034,-00250,00131,-00109,-00173,-00397
14:52:31.412 -> Raw:-00200,00072,16488,-00282,-00004,00493,-00104,-00163,-00394
14:52:31.449 -> Raw:00056,00200,16360,-00192,-00015,00115,-00102,-00167,-00398
14:52:31.496 -> Raw:-00216,00144,16504,-00161,00403,-00166,-00104,-00163,-00399
14:52:31.496 -> Raw:-00040,00016,16464,-00133,00635,00047,-00114,-00171,-00392
14:52:31.549 -> Raw:-00384,00088,16336,-00129,-00119,00507,-00106,-00168,-00399
14:52:31.596 -> Raw:-00208,00184,16416,00010,-00018,00506,-00106,-00173,-00387
14:52:31.596 -> Raw:-00376,00072,16312,00117,00055,00174,-00106,-00161,-00392
14:52:31.650 -> Raw:-00360,00120,16480,-00344,00448,00111,-00104,-00171,-00394
14:52:31.697 -> Raw:-00152,00080,16680,00144,-00417,00357,-00106,-00171,-00392
14:52:31.697 -> Raw:-00184,-00128,16288,-00038,00012,00317,-00105,-00165,-00393
14:52:31.736 -> Raw:-00320,00032,16496,-00425,00523,00028,-00098,-00176,-00394
14:52:31.788 -> Raw:-00128,00088,16384,-00536,00173,-00088,-00110,-00170,-00391
14:52:31.788 -> Raw:-00240,00056,16264,-00447,00533,-00021,-00108,-00170,-00391
14:52:31.851 -> Raw:-00216,00360,16304,-00220,00029,00151,-00105,-00172,-00391
14:52:31.851 -> Raw:-00272,-00120,16200,-00029,-00027,00163,-00109,-00173,-00392
14:52:31.899 -> Raw:-00200,00056,16360,-00405,00226,-00342,-00114,-00168,-00387
14:52:31.950 -> Raw:-00080,-00016,16280,-00481,00346,-00136,-00106,-00156,-00397
14:52:31.950 -> Raw:-00384,00112,16416,-00470,00534,-00069,-00104,-00168,-00394
14:52:31.997 -> Raw:-00136,00024,16384,00284,00222,00298,-00113,-00172,-00398
14:52:32.051 -> Raw:-00264,00032,16408,-00093,00537,-00189,-00110,-00165,-00393
14:52:32.051 -> Raw:-00296,00144,16368,-00252,00386,00024,-00113,-00170,-00396
14:52:32.098 -> Raw:-00344,00168,16424,00131,-00209,00239,-00105,-00167,-00393
14:52:32.151 -> Raw:-00056,-00016,16488,-00573,00387,-00252,-00113,-00177,-00388
14:52:32.151 -> Raw:-00088,-00024,16216,00036,-00259,00086,-00112,-00171,-00394
14:52:32.198 -> Raw:-00352,00136,16488,00022,-00021,-00425,-00109,-00176,-00389
14:52:32.252 -> Raw:-00304,-00072,16336,-00097,-00288,00487,-00108,-00167,-00391
14:52:32.252 -> Raw:-00224,00096,16432,-00422,00210,-00328,-00106,-00163,-00394
14:52:32.297 -> Raw:-00240,-00096,16248,-00558,00279,-00458,-00108,-00175,-00386
14:52:32.297 -> Raw:-00320,00096,16352,-00375,00255,-00014,-00112,-00171,-00405
14:52:32.336 -> Raw:-00088,00064,16296,00445,00010,00122,-00109,-00166,-00392
14:52:32.383 -> Raw:-00016,-00128,16256,00079,-00320,00232,-00110,-00167,-00398
14:52:32.422 -> Raw:-00080,00120,16192,-00033,00216,00183,-00110,-00167,-00398
14:52:32.467 -> Raw:-00400,00120,16488,-00613,00490,-00356,-00118,-00175,-00396
14:52:32.467 -> Raw:-00176,-00064,16456,-00286,00356,-00492,-00106,-00171,-00399
14:52:32.514 -> Raw:-00168,00096,16408,-00117,-00071,00293,-00101,-00173,-00394
14:52:32.552 -> Raw:-00320,00064,16280,-00034,00390,00052,-00108,-00167,-00403
14:52:32.599 -> Raw:-00144,00016,16392,00057,-00040,00575,-00117,-00161,-00392
14:52:32.599 -> Raw:-00264,-00016,16376,-00397,00183,-00118,-00116,-00170,-00396
14:52:32.652 -> Raw:-00064,00072,16320,-00354,00461,-00334,-00105,-00175,-00391
14:52:32.652 -> Raw:-00080,00080,16280,-00426,00596,00156,-00114,-00163,-00397
14:52:32.699 -> Raw:-00096,00240,16480,00222,-00513,-00109,-00102,-00170,-00398
14:52:32.752 -> Raw:-00112,00040,16256,-00119,00020,00355,-00105,-00165,-00391
14:52:32.752 -> Raw:-00416,00088,16304,00205,-00225,00469,-00116,-00167,-00398
14:52:32.800 -> Raw:-00296,00064,16360,-00293,00117,-00000,-00113,-00162,-00396
14:52:32.837 -> Raw:-00368,-00008,16504,-00456,00402,-00187,-00106,-00163,-00394
14:52:32.884 -> Raw:-00160,00024,16536,00009,00007,00198,-00109,-00168,-00392
14:52:32.884 -> Raw:-00160,00064,16408,-00057,-00156,00151,-00109,-00166,-00387
14:52:32.931 -> Raw:-00064,-00184,16512,-00033,00037,00036,-00093,-00171,-00399
14:52:32.969 -> Raw:-00152,00120,16368,-00383,00519,-00264,-00105,-00162,-00401
14:52:33.015 -> Raw:-00384,00240,16408,-00269,00443,-00209,-00112,-00168,-00399
14:52:33.015 -> Raw:-00136,00016,16472,-00391,00441,-00202,-00109,-00154,-00399
14:52:33.053 -> Raw:-00352,00120,16432,00087,-00118,00215,-00098,-00159,-00384
14:52:33.100 -> Raw:-00192,00072,16424,-00014,00158,00037,-00108,-00175,-00396
14:52:33.153 -> Raw:-00280,00072,16472,-00099,00158,00578,-00110,-00165,-00398
14:52:33.153 -> Raw:-00328,00288,16368,-00498,00498,-00277,-00114,-00163,-00392
14:52:33.200 -> Raw:-00328,-00056,16448,-00497,00073,-00177,-00100,-00162,-00398
14:52:33.200 -> Raw:-00312,-00000,16560,-00222,-00316,00309,-00104,-00173,-00392
14:52:33.253 -> Raw:-00424,-00040,16296,-00056,-00018,00281,-00112,-00168,-00394
14:52:33.301 -> Raw:-00208,-00000,16336,00156,-00157,00588,-00110,-00170,-00388
14:52:33.301 -> Raw:-00344,-00016,16280,-00412,00457,-00092,-00114,-00163,-00394
14:52:33.346 -> Raw:-00216,-00048,16280,-00372,00376,00013,-00109,-00159,-00407
14:52:33.386 -> Raw:-00072,-00016,16368,-00393,00079,-00322,-00100,-00170,-00398
14:52:33.433 -> Raw:-00112,00088,16440,00208,-00036,00232,-00112,-00173,-00397
14:52:33.433 -> Raw:-00280,00056,16416,-00001,-00107,00035,-00105,-00172,-00393
14:52:33.469 -> Raw:-00384,-00072,16432,00080,00221,00320,-00093,-00163,-00405
14:52:33.516 -> Raw:-00256,-00088,16232,-00560,00487,-00219,-00101,-00173,-00397
14:52:33.554 -> Raw:-00144,-00024,16392,-00469,00735,00194,-00117,-00173,-00392
14:52:33.554 -> Raw:-00208,00240,16296,00053,00157,00507,-00106,-00166,-00397
14:52:33.602 -> Raw:-00256,-00160,16448,-00058,00297,00058,-00105,-00167,-00406
14:52:33.654 -> Raw:-00216,00080,16368,-00420,00374,-00145,-00102,-00175,-00398
14:52:33.654 -> Raw:-00352,00128,16448,-00078,-00298,00372,-00113,-00167,-00396
14:52:33.702 -> Raw:-00336,00064,16384,00110,00024,00111,-00101,-00166,-00394
14:52:33.754 -> Raw:-00320,00144,16392,00106,00012,00431,-00097,-00172,-00398
14:52:33.754 -> Raw:-00016,00064,16144,-00310,00701,00249,-00102,-00162,-00413
14:52:33.802 -> Raw:-00088,00024,16360,-00524,00159,-00116,-00105,-00162,-00393
14:52:33.848 -> Raw:-00216,00064,16392,-00259,00424,00153,-00112,-00166,-00394
14:52:33.848 -> Raw:00016,00144,16624,00029,-00420,00158,-00104,-00163,-00394
14:52:33.886 -> Raw:-00280,00056,16192,00158,-00167,00515,-00117,-00166,-00394
14:52:33.933 -> Raw:-00232,00096,16456,-00354,00665,-00244,-00110,-00170,-00403
14:52:33.970 -> Raw:-00224,00160,16312,-00311,00291,-00155,-00108,-00167,-00391
14:52:34.020 -> Raw:-00336,-00032,16544,-00361,00697,-00330,-00102,-00175,-00393
14:52:34.020 -> Raw:-00112,00184,16472,-00147,00258,00282,-00104,-00159,-00399
14:52:34.055 -> Raw:-00096,-00008,16320,-00396,00318,-00013,-00112,-00178,-00397
14:52:34.102 -> Raw:-00432,00024,16480,-00412,00386,-00085,-00110,-00172,-00406
14:52:34.102 -> Raw:-00256,00040,16424,00238,-00020,00184,-00106,-00176,-00389
14:52:34.155 -> Raw:-00352,00144,16272,00050,00048,00377,-00116,-00165,-00396
14:52:34.202 -> Raw:-00144,00112,16464,00051,-00049,00020,-00098,-00171,-00389
14:52:34.202 -> Raw:-00120,-00160,16320,-00279,00281,-00383,-00110,-00170,-00396
14:52:34.255 -> Raw:-00296,-00072,16176,-00512,00369,-00108,-00106,-00171,-00397
14:52:34.303 -> Raw:-00312,-00088,16352,-00097,-00150,00329,-00106,-00171,-00394
14:52:34.303 -> Raw:-00184,-00032,16336,00118,-00064,00355,-00102,-00155,-00403
14:52:34.355 -> Raw:-00120,00224,16344,-00002,-00245,00275,-00100,-00172,-00396
14:52:34.402 -> Raw:-00144,00096,16416,-00332,00568,-00204,-00106,-00163,-00399
14:52:34.402 -> Raw:-00232,00096,16264,-00276,00167,-00246,-00105,-00177,-00398
14:52:34.436 -> Raw:-00192,00056,16216,-00391,00310,-00215,-00113,-00160,-00393
14:52:34.471 -> Raw:-00144,00136,16208,-00050,00223,00450,-00109,-00161,-00394
14:52:34.518 -> Raw:-00472,00200,16384,00002,-00002,00450,-00109,-00166,-00405
14:52:34.518 -> Raw:-00200,00176,16368,00084,-00056,00448,-00117,-00166,-00394
14:52:34.556 -> Raw:-00240,00080,16272,-00338,00562,-00065,-00112,-00163,-00389
14:52:34.603 -> Raw:-00232,00248,16456,-00374,00286,00070,-00110,-00162,-00398
14:52:34.656 -> Raw:-00160,-00040,16456,00084,00042,00403,-00102,-00170,-00398
14:52:34.656 -> Raw:-00096,00136,16240,-00053,00199,00420,-00113,-00170,-00393
14:52:34.703 -> Raw:-00464,00104,16384,00132,-00123,00138,-00105,-00170,-00398
14:52:34.756 -> Raw:-00184,00352,16272,00014,00110,00260,-00110,-00165,-00396
14:52:34.756 -> Raw:-00176,00072,16328,-00056,00292,-00372,-00102,-00165,-00393
14:52:34.803 -> Raw:-00272,00072,16272,-00559,00755,00079,-00114,-00176,-00394
14:52:34.856 -> Raw:-00256,00112,16328,-00039,-00034,-00044,-00112,-00171,-00394
14:52:34.856 -> Raw:-00248,-00136,16504,00158,-00145,-00192,-00101,-00176,-00397
14:52:34.903 -> Raw:00104,00488,16328,00008,-00457,-02378,-00101,-00168,-00392
14:52:34.903 -> Raw:-00584,-00072,16440,-00300,00347,-00899,-00117,-00166,-00377
14:52:34.956 -> Raw:-00200,00176,16312,-00507,00250,-00244,-00121,-00162,-00371
14:52:35.003 -> Raw:-00256,00176,16384,00238,-00128,00126,-00118,-00162,-00378
14:52:35.003 -> Raw:-00184,00064,16424,-00427,00507,00051,-00110,-00172,-00373
14:52:35.056 -> Raw:00184,00120,16280,-00142,00627,-00025,-00113,-00167,-00368
14:52:35.103 -> Raw:-00120,-00000,16072,00178,00197,00415,-00110,-00155,-00360
14:52:35.103 -> Raw:-00256,00104,16072,00157,00018,00581,-00114,-00161,-00354
14:52:35.157 -> Raw:-00152,00328,16448,-00355,00187,-00083,-00106,-00161,-00362
14:52:35.203 -> Raw:-00424,00184,16496,00204,00205,00268,-00124,-00162,-00360
14:52:35.203 -> Raw:-00960,-00208,16952,01554,-00097,00574,-00109,-00168,-00362
14:52:35.257 -> Raw:-02808,00072,16240,-00610,-00464,-00705,-00122,-00163,-00364
14:52:35.257 -> Raw:00440,00216,16656,01267,00129,00237,-00105,-00162,-00366
14:52:35.303 -> Raw:-00032,00352,15920,-00411,00420,00012,-00113,-00160,-00363
14:52:35.357 -> Raw:-00568,-00008,16360,-00594,-00118,00354,-00112,-00168,-00357
14:52:35.357 -> Raw:-00040,00080,16288,00324,-00371,00674,-00113,-00160,-00358
14:52:35.404 -> Raw:-00200,-00288,17824,00189,00014,00352,-00109,-00163,-00369
14:52:35.449 -> Raw:-00424,00072,16232,-00361,00415,-00075,-00118,-00167,-00363
14:52:35.449 -> Raw:-00000,-00048,16272,-00450,00538,-00047,-00105,-00165,-00353
14:52:35.485 -> Raw:-00152,00104,16464,-00625,00288,-00442,-00121,-00157,-00366
14:52:35.531 -> Raw:-00336,00112,16432,-00001,00145,00067,-00122,-00168,-00349
14:52:35.573 -> Raw:-00136,00088,16264,00037,-00021,00314,-00121,-00162,-00355
14:52:35.620 -> Raw:-00152,-00048,16448,-00212,00434,-01076,-00125,-00161,-00349
14:52:35.620 -> Raw:-00384,00176,16296,-00327,00563,-00114,-00124,-00167,-00363
14:52:35.657 -> Raw:-00256,00248,16480,-00294,00606,00182,-00114,-00163,-00347
14:52:35.704 -> Raw:-00240,00056,15976,-00576,00681,-00251,-00116,-00157,-00353
14:52:35.704 -> Raw:-00520,-00208,16152,-00442,00159,00284,-00120,-00168,-00364
14:52:35.757 -> Raw:-01080,00008,15152,00668,01243,00535,-00114,-00166,-00367
14:52:35.813 -> Raw:-00280,-00680,17504,-00894,01168,00744,-00108,-00162,-00360
14:52:35.813 -> Raw:-00512,00552,16112,00232,02563,01222,-00110,-00162,-00363
14:52:35.858 -> Raw:-00912,00856,16168,00298,03651,02399,-00117,-00163,-00372
14:52:35.905 -> Raw:-01208,-00472,16360,-00343,04610,-02832,-00106,-00168,-00369
14:52:35.905 -> Raw:-02232,-00048,13008,00899,04991,-03117,-00109,-00161,-00379
14:52:35.958 -> Raw:02576,-05640,19904,-00529,03524,-01089,-00108,-00167,-00366
14:52:35.958 -> Raw:-02184,00104,16432,00164,07057,01075,-00096,-00173,-00382
14:52:36.001 -> Raw:-02960,00024,16328,00192,10525,00979,-00094,-00162,-00388
14:52:36.034 -> Raw:-03880,03568,16232,00633,10298,02001,-00084,-00160,-00376
14:52:36.074 -> Raw:-01184,-01944,21520,06246,18626,08410,-00070,-00165,-00383
14:52:36.115 -> Raw:-05688,00152,13864,-01069,15546,01089,-00068,-00167,-00403
14:52:36.115 -> Raw:-07056,-00808,16264,-04958,09847,-00772,-00056,-00156,-00407
14:52:36.158 -> Raw:-06376,00368,12696,03261,02942,03200,-00034,-00161,-00405
14:52:36.205 -> Raw:-06720,-00600,14840,-01901,04711,-00126,-00044,-00160,-00398
14:52:36.205 -> Raw:-07200,-00336,13584,00040,01913,-00368,-00025,-00157,-00403
14:52:36.259 -> Raw:-07456,-00240,15408,03311,01335,-00342,-00032,-00168,-00392
14:52:36.306 -> Raw:-06064,00104,14512,00393,05698,02275,-00025,-00172,-00408
14:52:36.306 -> Raw:-07280,00376,14728,01472,09529,03200,-00022,-00152,-00401
14:52:36.359 -> Raw:-09264,01304,13992,03315,10929,06325,-00014,-00165,-00408
14:52:36.406 -> Raw:-09488,01136,15272,01011,14033,05472,-00006,-00172,-00413
14:52:36.406 -> Raw:-10880,02496,12368,-01667,32767,09043,-00001,-00172,-00408
14:52:36.459 -> Raw:20320,-11024,-20712,-32768,32767,-32768,00036,-00162,-00406
14:52:36.459 -> Raw:-16344,-00592,05984,-00856,22448,-02939,00057,-00152,-00388
14:52:36.506 -> Raw:-08536,02976,06624,-08643,23514,-05581,00080,-00151,-00387
14:52:36.544 -> Raw:-13008,-00056,05344,10119,-08342,02195,00085,-00149,-00379
14:52:36.591 -> Raw:-15464,01416,05192,-06382,02401,01280,00078,-00152,-00381
14:52:36.591 -> Raw:-12560,-02400,17720,-04617,13496,02419,00088,-00156,-00367
14:52:36.638 -> Raw:-15712,-01640,12480,-17845,20441,-13658,00089,-00145,-00381
14:52:36.675 -> Raw:-17336,-05688,18144,06380,19104,-17630,00118,-00122,-00381
14:52:36.675 -> Raw:-18688,-02120,04056,10400,11996,03099,00134,-00115,-00371
14:52:36.722 -> Raw:-14864,-01016,-03792,17945,-00633,16051,00122,-00116,-00359
14:52:36.760 -> Raw:-15344,-01056,06096,08028,09985,01969,00130,-00131,-00347
14:52:36.807 -> Raw:-14488,-02568,02248,06345,08715,00040,00129,-00135,-00350
14:52:36.807 -> Raw:-15248,-00856,04008,03251,07525,01879,00144,-00144,-00332
14:52:36.860 -> Raw:-14904,00136,01504,01306,11931,-01508,00134,-00137,-00348
14:52:36.909 -> Raw:-14568,-01832,00808,11086,07138,-03832,00152,-00144,-00327
14:52:36.909 -> Raw:-14632,-01728,01496,03260,04371,-02751,00154,-00134,-00314
14:52:36.960 -> Raw:-16528,-01944,00200,04134,06631,-01662,00160,-00136,-00309
14:52:36.960 -> Raw:-16624,-02176,01656,01589,05845,-02835,00152,-00141,-00296
14:52:37.008 -> Raw:-16992,-02712,-00248,-02154,08360,-00263,00157,-00131,-00306
14:52:37.066 -> Raw:-16488,-02152,-00000,-00570,09389,-00032,00169,-00142,-00295
14:52:37.066 -> Raw:-16792,-02608,-01088,01440,04651,-00916,00176,-00129,-00286
14:52:37.113 -> Raw:-13760,-02624,-00704,-02120,02577,-01550,00180,-00135,-00288
14:52:37.113 -> Raw:-15440,-00760,-02632,-05041,01614,01196,00171,-00134,-00284
14:52:37.160 -> Raw:-18432,01888,01184,-01388,01585,05026,00176,-00134,-00269
14:52:37.207 -> Raw:-16800,-01656,-01368,-01229,-00991,03355,00168,-00141,-00284
14:52:37.207 -> Raw:-17048,-01296,-01368,-01357,-01636,02382,00177,-00150,-00285
14:52:37.261 -> Raw:-14512,-01568,-01080,-00305,-00144,01674,00173,-00141,-00289
14:52:37.307 -> Raw:-17024,-01520,-00096,-00662,01697,01804,00177,-00145,-00283
14:52:37.307 -> Raw:-16496,-00736,02088,-04322,02158,01881,00157,-00146,-00274
14:52:37.361 -> Raw:-16888,-01664,-01320,-03140,01098,00300,00176,-00141,-00286
14:52:37.416 -> Raw:-16440,-01344,-00832,-02417,00758,-00314,00177,-00137,-00283
14:52:37.416 -> Raw:-17936,-01352,-02064,02788,-00220,-00735,00173,-00141,-00291
14:52:37.461 -> Raw:-16088,-00888,-01664,05524,-00778,01594,00176,-00141,-00281
14:52:37.461 -> Raw:-16592,-00816,-00832,00697,00047,02483,00176,-00154,-00276
14:52:37.508 -> Raw:-17000,-00904,-01664,-02174,01290,-00381,00172,-00147,-00280
14:52:37.555 -> Raw:-16416,-00816,-01592,03034,-00412,-00329,00168,-00149,-00276
14:52:37.555 -> Raw:-15880,-00560,-01040,-02532,-00259,00882,00172,-00142,-00280
14:52:37.600 -> Raw:-16000,-01024,-01408,-00436,00777,00502,00175,-00145,-00277
14:52:37.632 -> Raw:-16896,-00768,-01240,02548,-00170,01587,00169,-00157,-00272
14:52:37.677 -> Raw:-17312,-00632,-01496,01178,-00041,00722,00165,-00149,-00284
14:52:37.677 -> Raw:-16296,-00824,-01384,00968,00440,-00294,00166,-00152,-00267
14:52:37.724 -> Raw:-16488,-00608,-00960,-00136,00359,00231,00177,-00152,-00275
14:52:37.762 -> Raw:-16408,-00656,-01264,-00180,00156,-00148,00173,-00151,-00274
14:52:37.809 -> Raw:-16288,-00624,-01360,-01537,00407,-00200,00168,-00151,-00274
14:52:37.809 -> Raw:-16448,-00960,-01288,-01740,00507,-00536,00171,-00141,-00274
14:52:37.862 -> Raw:-16632,-00888,-01240,00087,-00275,-00326,00169,-00147,-00272
14:52:37.909 -> Raw:-16376,-00640,-01584,00403,-00235,00130,00177,-00150,-00283
14:52:37.909 -> Raw:-16704,-00720,-01288,00128,-00621,00345,00169,-00142,-00272
14:52:37.962 -> Raw:-16416,-00872,-01240,-00467,00082,-00008,00172,-00155,-00277
14:52:37.962 -> Raw:-16728,-00952,-01288,-00792,00261,00062,00168,-00151,-00281
14:52:38.009 -> Raw:-16472,-00696,-01112,-00225,00012,00412,00165,-00159,-00271
14:52:38.043 -> Raw:-16192,-00776,-01192,00201,-00042,00426,00164,-00165,-00272
14:52:38.078 -> Raw:-16520,-00832,-01624,00016,-00263,00192,00172,-00157,-00288
14:52:38.133 -> Raw:-16320,-00592,-01312,00344,-00054,00556,00161,-00155,-00272
14:52:38.133 -> Raw:-16456,-00664,-01128,-00761,00445,00768,00181,-00154,-00284
14:52:38.175 -> Raw:-17064,-00648,-01176,-00750,00232,00267,00171,-00156,-00281
14:52:38.222 -> Raw:-16664,-00544,-01200,-00216,-00203,01049,00161,-00157,-00277
14:52:38.222 -> Raw:-16400,-00592,-01240,00348,00445,00221,00171,-00161,-00274
14:52:38.262 -> Raw:-16520,-00336,-01016,-00296,00333,-00314,00175,-00145,-00283
14:52:38.310 -> Raw:-16640,-00560,-01320,-00800,00163,-00003,00166,-00160,-00290
14:52:38.363 -> Raw:-16288,-00368,-01184,-00170,00573,00488,00171,-00149,-00281
14:52:38.363 -> Raw:-16592,-00408,-01072,-00712,00709,00128,00173,-00156,-00279
14:52:38.411 -> Raw:-16632,-00464,-01072,-01160,-00074,00424,00172,-00157,-00280
14:52:38.411 -> Raw:-16480,-00568,-01328,-01341,00359,-00090,00161,-00150,-00275
14:52:38.463 -> Raw:-16360,-00328,-00976,-00284,00130,00033,00164,-00157,-00280
14:52:38.511 -> Raw:-16312,-00392,-01360,-00559,00097,00311,00164,-00155,-00280
14:52:38.511 -> Raw:-16584,-00384,-01336,-00055,-00204,00578,00169,-00157,-00267
14:52:38.564 -> Raw:-16328,-00352,-01288,00850,-00283,00483,00168,-00154,-00291
14:52:38.612 -> Raw:-16576,-00224,-00864,01632,00065,-00250,00164,-00157,-00283
14:52:38.612 -> Raw:-16776,-00488,-01416,01856,-00420,00187,00172,-00162,-00277
14:52:38.665 -> Raw:-16688,-00216,-00960,-00899,-00287,00545,00169,-00157,-00283
14:52:38.665 -> Raw:-16312,-00464,-01144,00342,-00652,00369,00172,-00152,-00288
14:52:38.713 -> Raw:-16360,-00040,-00872,00225,00185,-00615,00168,-00154,-00276
14:52:38.764 -> Raw:-16608,-00368,-01064,-00839,00171,-00227,00165,-00154,-00291
14:52:38.764 -> Raw:-16240,-00600,-01288,-00675,-00544,00044,00172,-00157,-00277
14:52:38.811 -> Raw:-16736,-00664,-00816,-00889,-00100,-00076,00176,-00159,-00291
14:52:38.864 -> Raw:-16536,-00368,-01032,00058,00059,-00057,00173,-00151,-00281
14:52:38.864 -> Raw:-16328,-00312,-01024,-00678,00524,-00221,00169,-00162,-00280
14:52:38.911 -> Raw:-16504,-00448,-00784,-01016,00995,-00171,00171,-00156,-00279
14:52:38.964 -> Raw:-16680,-00416,-00904,-01493,00198,-00438,00168,-00154,-00284
14:52:38.964 -> Raw:-16736,-00488,-00984,00144,-00329,-00392,00160,-00154,-00284
14:52:39.011 -> Raw:-16360,-00544,-01048,00165,-00076,00151,00168,-00149,-00276
14:52:39.064 -> Raw:-16296,-00648,-01040,-00448,00724,-00445,00175,-00160,-00285
14:52:39.064 -> Raw:-16688,-00512,-01144,00393,00267,-00452,00176,-00156,-00281
14:52:39.111 -> Raw:-16256,-00552,-01264,00830,-00072,00044,00169,-00155,-00290
14:52:39.111 -> Raw:-16520,-00344,-00920,00263,00371,-00512,00168,-00149,-00289
14:52:39.158 -> Raw:-16584,-00648,-00792,00433,00159,-00627,00183,-00155,-00277
14:52:39.196 -> Raw:-16248,-00544,-01048,-00558,00025,-00440,00172,-00157,-00290
14:52:39.243 -> Raw:-16384,-00528,-00944,-00349,-00322,00122,00173,-00149,-00276
14:52:39.243 -> Raw:-16392,-00552,-00856,-00647,-00104,-00428,00171,-00146,-00279
14:52:39.281 -> Raw:-17504,00136,00224,-01979,00132,-00331,00158,-00147,-00285
14:52:39.328 -> Raw:-15528,-00592,-00768,-02049,-00758,01004,00171,-00149,-00286
14:52:39.366 -> Raw:-16664,-00544,-00864,-02296,-00302,00308,00161,-00157,-00285
14:52:39.414 -> Raw:-16176,-00408,-00872,-02660,-00027,00108,00164,-00152,-00290
14:52:39.414 -> Raw:-16320,-00432,-00728,-00832,-00400,00102,00168,-00151,-00291
14:52:39.466 -> Raw:-16576,-00648,-00712,-00545,00014,-00487,00164,-00152,-00288
14:52:39.466 -> Raw:-16392,-00600,-00672,00019,00302,-00416,00171,-00144,-00289
14:52:39.513 -> Raw:-16368,-00696,-00912,-00201,00437,-00385,00165,-00156,-00291
14:52:39.566 -> Raw:-16344,-00616,-01168,00211,00494,-00023,00169,-00157,-00285
14:52:39.566 -> Raw:-16664,-00744,-01080,-00127,00017,00169,00168,-00146,-00291
14:52:39.614 -> Raw:-16632,-00512,-00680,00270,-00197,00550,00172,-00152,-00288
14:52:39.666 -> Raw:-16352,-00480,-00696,-00231,-00021,00083,00168,-00156,-00284
14:52:39.666 -> Raw:-16192,-00536,-00952,-00375,00127,-00339,00165,-00159,-00286
14:52:39.712 -> Raw:-16848,-00760,-00976,-00341,00661,-00119,00154,-00149,-00281
14:52:39.748 -> Raw:-16416,-00632,-00800,00163,00044,00267,00166,-00142,-00295
14:52:39.781 -> Raw:-16480,-00520,-00976,00211,-00359,00713,00168,-00151,-00289
14:52:39.828 -> Raw:-15904,-00552,-00720,00249,00100,00483,00165,-00149,-00286
14:52:39.828 -> Raw:-16640,-00568,-01304,-00264,-00153,00079,00175,-00147,-00285
14:52:39.866 -> Raw:-16768,-00272,-00880,-00052,-00211,00296,00172,-00140,-00295
14:52:39.913 -> Raw:-16320,-00584,-00904,00170,-00040,00479,00172,-00147,-00280
14:52:39.966 -> Raw:-16168,-00624,-01200,-00266,-00011,-00061,00173,-00149,-00291
14:52:39.966 -> Raw:-16776,-00632,-01016,-00338,-00045,-00084,00175,-00145,-00293
14:52:40.013 -> Raw:-16472,-00488,-00632,-00458,00087,-00372,00172,-00155,-00280
14:52:40.013 -> Raw:-16504,-00368,-00624,00151,00064,00608,00162,-00146,-00294
14:52:40.047 -> Raw:-16272,-00592,-00864,00242,-00136,00111,00172,-00155,-00290
14:52:40.082 -> Raw:-16512,-00512,-00760,-00482,00535,00005,00169,-00152,-00290
14:52:40.130 -> Raw:-16664,-00528,-01056,-00504,00648,00277,00158,-00157,-00293
14:52:40.166 -> Raw:-16144,-00528,-00776,-00140,00165,00243,00173,-00156,-00291
14:52:40.213 -> Raw:-16224,-00592,-00872,-00727,-00011,00081,00162,-00154,-00279
14:52:40.213 -> Raw:-16288,-00392,-00744,-00383,00611,-00435,00173,-00156,-00301
14:52:40.266 -> Raw:-16960,-00304,-01320,-00305,00222,-00061,00168,-00154,-00304
14:52:40.313 -> Raw:-16280,-00600,-01216,00102,-00149,00338,00157,-00154,-00281
14:52:40.313 -> Raw:-16280,-00552,-01048,00041,00392,00109,00164,-00147,-00290
14:52:40.366 -> Raw:-16448,-00584,-00928,00175,-00679,00570,00168,-00154,-00289
14:52:40.366 -> Raw:-16736,-00432,-01016,-00298,00218,-00215,00165,-00144,-00281
14:52:40.413 -> Raw:-16760,-00176,-00632,-00399,00261,-00156,00179,-00161,-00291
14:52:40.467 -> Raw:-16280,-00192,-00760,-00027,-00092,00211,00177,-00145,-00288
14:52:40.467 -> Raw:-16264,-00424,-00656,00349,-00057,00252,00172,-00147,-00283
14:52:40.513 -> Raw:-16512,-00488,-00808,-00124,-00194,00526,00166,-00155,-00283
14:52:40.567 -> Raw:-16296,-00328,-00984,-00464,00374,00151,00162,-00156,-00301
14:52:40.567 -> Raw:-16464,-00360,-00944,-00443,00432,00278,00164,-00157,-00290
14:52:40.614 -> Raw:-16568,-00256,-00608,-00670,00628,-00464,00172,-00147,-00275
14:52:40.667 -> Raw:-16496,-00424,-00760,00002,00026,00470,00168,-00163,-00299
14:52:40.667 -> Raw:-16272,-00496,-00832,-00198,-00037,00460,00161,-00147,-00293
14:52:40.715 -> Raw:-16848,-00384,-00728,-00125,-00117,00322,00175,-00160,-00293
14:52:40.761 -> Raw:-16544,-00400,-01024,-00143,00144,00258,00165,-00149,-00289
14:52:40.761 -> Raw:-16416,-00456,-01104,-00015,-00149,00608,00156,-00157,-00290
14:52:40.796 -> Raw:-16112,-00216,-00752,-00457,00181,00080,00161,-00155,-00303
14:52:40.844 -> Raw:-16496,-00176,-00640,-00654,00239,-00005,00166,-00165,-00293
14:52:40.844 -> Raw:-16680,-00072,-00520,-00257,00447,-00088,00168,-00154,-00289
14:52:40.883 -> Raw:-16776,-00360,-00976,00230,00143,00157,00162,-00159,-00296
14:52:40.930 -> Raw:-16224,-00568,-00944,-00244,00744,-00255,00162,-00161,-00284
14:52:40.968 -> Raw:-16376,-00600,-01096,-00489,00237,-00298,00171,-00151,-00284
14:52:41.015 -> Raw:-16464,-00424,-00704,00047,-00360,00260,00166,-00152,-00290
14:52:41.015 -> Raw:-16248,-00440,-00736,-00456,-00069,00283,00160,-00159,-00289
14:52:41.068 -> Raw:-16568,-00520,-00736,-00044,-00399,00223,00175,-00155,-00298
14:52:41.068 -> Raw:-15768,-00160,-00800,-00751,00370,-00147,00176,-00156,-00286
14:52:41.115 -> Raw:-16160,-00064,-00696,-00477,00440,-00334,00168,-00149,-00291
14:52:41.169 -> Raw:-16376,-00216,-00744,-00633,00437,-00235,00165,-00156,-00291
14:52:41.169 -> Raw:-16944,-00640,-00704,-00010,-00229,-00103,00171,-00151,-00294
14:52:41.216 -> Raw:-17256,-00736,-00560,00116,-00216,00586,00168,-00159,-00294
14:52:41.262 -> Raw:-16376,-00416,-00592,-00582,00072,-00027,00168,-00163,-00284
14:52:41.262 -> Raw:-16440,-00512,-00760,-00434,00092,-00113,00165,-00159,-00299
14:52:41.312 -> Raw:-16464,-00184,-00552,-00269,00422,00353,00168,-00149,-00291
14:52:41.369 -> Raw:-17496,-00360,-00760,00193,00015,00266,00171,-00161,-00294
14:52:41.369 -> Raw:-16216,-00480,-00888,-00062,-00334,-00030,00165,-00151,-00291
14:52:41.416 -> Raw:-16136,-00568,-00520,-00082,-00185,-00010,00168,-00154,-00301
14:52:41.469 -> Raw:-16368,-00688,-00816,-00341,00483,-00093,00169,-00162,-00290
14:52:41.469 -> Raw:-15984,-00584,-00720,-00444,00158,-00508,00160,-00149,-00299
14:52:41.516 -> Raw:-16064,-00656,-00504,-00891,-00127,-00022,00168,-00151,-00299
14:52:41.569 -> Raw:-16768,-00632,-00104,-00359,-01623,00413,00175,-00155,-00300
14:52:41.569 -> Raw:-17040,-00608,-00184,-00133,-00529,-00123,00165,-00154,-00294
14:52:41.616 -> Raw:-16360,00152,00320,-00389,00042,00133,00158,-00160,-00295
14:52:41.616 -> Raw:-16240,-00168,-00272,00432,-00352,01307,00164,-00155,-00295
14:52:41.665 -> Raw:-16144,-00184,00024,00080,-00181,00656,00166,-00157,-00295
14:52:41.712 -> Raw:-16504,-00368,-00832,00605,-00594,01445,00158,-00150,-00290
14:52:41.712 -> Raw:-16960,-00552,-00952,-00300,-00104,01515,00156,-00152,-00293
14:52:41.770 -> Raw:-16376,-00208,-00496,-00818,-00570,01894,00160,-00159,-00304
14:52:41.817 -> Raw:-16040,00104,-00040,-00082,-00795,01037,00158,-00162,-00298
14:52:41.817 -> Raw:-16624,00216,00064,00141,-00407,01043,00160,-00161,-00299
14:52:41.871 -> Raw:-16816,00152,-00104,-00303,00080,01002,00165,-00163,-00299
14:52:41.871 -> Raw:-16272,00352,-00080,-00495,00265,00231,00153,-00162,-00298
