Raw:-02504,05912,15136,10286,-22118,02207,-00072,00073,-00234
Raw:-01744,05864,14336,10631,-24486,04264,-00088,00072,-00224
Raw:-00736,07512,14120,09573,-24823,05298,-00102,00059,-00233
Raw:01528,07928,13736,07389,-27973,07695,-00111,00063,-00246
Raw:02720,08160,10496,05377,-29903,08344,-00135,00050,-00230
Raw:03776,07504,09376,12615,-25093,04348,-00127,00050,-00227
Raw:06192,09672,08848,12795,-25220,05267,-00154,00045,-00211
Raw:06944,09808,07400,12306,-29155,06653,-00164,00059,-00214
Raw:05472,11320,06816,11641,-23240,06144,-00172,00042,-00191
Raw:06552,11624,01992,06244,-23186,12115,-00186,00042,-00172
Raw:08936,11712,02624,02390,-18398,18696,-00205,00049,-00165
Raw:12112,12680,04904,00291,-13170,23724,-00230,00043,-00154
Raw:16488,12456,06808,03494,-04276,15980,-00256,00060,-00152
Raw:09776,06008,07776,16534,-16735,16419,-00259,00055,-00140
Raw:07952,08944,09408,27177,-20920,20237,-00273,00070,-00116
Raw:05432,02240,02152,31259,-32768,22258,-00274,00072,-00087
Raw:07960,-02576,-06760,32767,-32768,20473,-00288,00093,-00008
Raw:09240,-09552,-08352,32767,-14357,18278,-00294,00119,00023
Raw:12816,-14760,-12384,32767,-03177,05401,-00302,00177,00090
Raw:12936,-11296,-10200,26407,-11199,00718,-00294,00223,00112
Raw:11864,-21320,-10688,25069,-11972,-05201,-00277,00250,00129
Raw:13520,-26768,-10232,26001,-01873,-20166,-00273,00274,00126
Raw:10128,-26584,-08840,32767,-03522,-32768,-00280,00286,00135
Raw:10832,-22032,-09560,32767,-01959,-32768,-00272,00310,00127
Raw:08032,-17128,-14840,32767,-18110,-32768,-00289,00337,00129
Raw:07656,-12352,-09608,32767,-12555,-32768,-00277,00347,00125
Raw:07488,-08528,-10864,32767,-16395,-32768,-00278,00376,00107
Raw:08096,-06528,-07720,25970,-22691,-32768,-00294,00382,00108
Raw:06064,-03760,-09128,21976,-22910,-32768,-00285,00386,00097
Raw:03968,-03384,-10040,25093,-25883,-32768,-00297,00383,00102
Raw:03656,-01264,-10504,21457,-30621,-32768,-00282,00390,00099
Raw:01400,-01160,-12072,19918,-29011,-32768,-00285,00396,00104
Raw:-06544,-01376,-14344,32767,-19390,-32768,-00286,00392,00087
Raw:-03680,04528,-12216,32767,-21722,-32768,-00297,00396,00090
Raw:-02120,-00968,-11328,20779,-32768,-20394,-00285,00416,00071
Raw:-06368,-03560,-13528,10606,-32768,-17211,-00282,00422,00068
Raw:-05520,-04592,-12392,-01466,-32768,-15200,-00260,00422,00084
Raw:-13792,-00224,-11304,-05989,-32768,-17199,-00231,00412,00092
Raw:-16856,01704,-11936,00214,-32768,-17405,-00206,00401,00097
Raw:-16520,-03560,-14992,-02830,-32768,-15863,-00198,00375,00117
Raw:-18072,-04680,-13776,-24045,-18774,-14495,-00168,00386,00107
Raw:-20168,02248,-10040,-32768,-32768,03493,-00143,00365,00120
Raw:-22472,04312,-05328,-32768,-32768,09006,-00114,00320,00120
Raw:-21696,07760,-00344,-32768,-32768,15182,-00066,00263,00106
Raw:-29880,12944,03016,-32768,-32768,14204,-00028,00208,00058
Raw:-25872,15368,11808,-27691,-32768,11435,00009,00159,-00021
Raw:-20448,07040,08544,-16367,-32768,31641,00011,00151,-00103
Raw:-14744,04256,10784,-29384,-32768,32767,00010,00125,-00142
Raw:-11616,04376,15400,-10258,-32768,18144,-00029,00115,-00234
Raw:-05896,03480,18904,-02293,-32768,13538,-00065,00098,-00265
Raw:-02272,01032,09416,05780,-32768,10287,-00103,00098,-00300
Raw:-01232,06104,11472,01434,-32768,14340,-00138,00086,-00294
Raw:08144,02176,14184,00228,-32768,17995,-00174,00096,-00309
Raw:05504,00376,10856,00086,-32768,25554,-00213,00095,-00298
Raw:04080,02024,09936,-32768,-32768,32767,-00271,00113,-00284
Raw:07520,02048,00224,02039,-28312,-04966,-00304,00137,-00253
Raw:12632,00768,03168,01109,-29611,-03445,-00322,00131,-00238
Raw:12040,04520,02312,-06228,-30253,04160,-00333,00137,-00204
Raw:10208,01416,-02224,-25640,-30701,12165,-00337,00139,-00195
Raw:13640,-01296,-09520,-18176,-28765,03645,-00366,00147,-00171
Raw:14648,-00800,-03736,06278,-15867,-06698,-00369,00157,-00173
Raw:12536,00128,-09576,02527,-25245,-03887,-00363,00144,-00146
Raw:07512,-02184,-14464,-29067,-32768,00397,-00353,00144,-00099
Raw:09024,-02968,-19112,-04413,-32768,-10487,-00355,00142,-00062
Raw:08864,-03552,-18984,16260,-17484,-16531,-00329,00134,-00023
Raw:02976,03392,-14352,18497,-01588,-18303,-00313,00119,00004
Raw:06176,03208,-17168,-11719,-13989,-06072,-00302,00122,00001
Raw:04688,05008,-15560,-13780,-08842,02570,-00286,00106,-00018
Raw:-00792,08968,-20792,-21104,-04704,07188,-00302,00110,-00010
Raw:07376,04040,-10688,-24019,03275,14125,-00295,00100,-00036
Raw:06816,06736,-14896,-12518,-13960,02921,-00302,00105,-00050
Raw:03832,11216,-14504,-00683,-29688,05937,-00303,00101,-00049
Raw:02520,17320,-12520,-15098,-31863,26061,-00280,00093,-00022
Raw:-03904,06816,-19944,-29471,-22072,32767,-00300,00120,-00036
Raw:32767,-27944,-07056,-20490,-32768,-02964,-00313,00136,-00028
Raw:03088,09120,-03840,-31268,-22807,17365,-00326,00142,-00010
Raw:01960,11064,-01928,-20016,-32768,32767,-00329,00149,-00009
Raw:-11920,10376,-15048,-32768,-32768,17508,-00345,00180,00003
Raw:-06600,14776,-11352,-32768,-32768,-03400,-00331,00157,00029
Raw:-03288,17776,-06168,-32768,-32768,-03825,-00286,00134,00054
Raw:-06544,15512,-05408,-20392,-32768,-04786,-00239,00116,00037
Raw:-08560,16984,-02840,-09041,-31058,-05822,-00197,00093,00036
Raw:-07408,16656,-02200,-03176,-25279,02174,-00188,00094,00040
Raw:-09464,18008,-03472,02247,-07056,01018,-00176,00089,00028
Raw:-13728,15664,-07456,11054,13211,-07738,-00166,00080,00043
Raw:-13904,13168,-11480,32767,32767,-27100,-00175,00098,00046
Raw:-12704,18544,-10208,32767,32767,-32768,-00206,00120,00093
Raw:-12360,13712,-10344,32767,32767,-32768,-00221,00167,00109
Raw:-08560,08296,-15408,32767,32767,-32768,-00272,00218,00122
Raw:-09304,01232,-17216,32767,32767,-32768,-00280,00239,00121
Raw:-03072,08608,-10408,30716,32767,-32768,-00332,00263,00077
Raw:02032,-01944,-10536,-02118,32767,-32768,-00340,00237,00067
Raw:04472,02464,-11520,02620,32767,-32768,-00364,00204,00003
Raw:11088,00240,-06136,18970,32767,-32768,-00366,00157,-00038
Raw:16496,01696,-04960,14548,31983,-29515,-00355,00135,-00081
Raw:13104,02624,-05160,-08327,24760,-27434,-00323,00105,-00109
Raw:17480,02256,-07768,09302,21083,-20101,-00302,00080,-00135
Raw:13656,05136,-02336,22337,23170,-15676,-00294,00079,-00143
Raw:11456,09416,-01472,32767,17043,-23632,-00266,00068,-00126
Raw:17192,16640,-05152,32767,09366,-17216,-00248,00054,-00108
Raw:15616,08728,-03040,32767,14637,-19141,-00239,00062,-00030
Raw:13192,10312,-05760,32767,28582,-22835,-00234,00081,-00004
Raw:12952,09032,-07000,32767,15527,-26790,-00230,00105,00038
Raw:11416,09136,-08368,32767,02454,-22113,-00233,00145,00081
Raw:12776,03784,-08504,30951,03686,-26954,-00215,00166,00096
Raw:02344,06256,-10112,32767,27690,-32768,-00209,00177,00109
Raw:07952,08104,-09088,32767,12613,-32768,-00225,00227,00130
Raw:10984,05920,-14568,32767,12733,-30071,-00227,00293,00134
Raw:11000,01432,-10848,32767,-04848,-32768,-00254,00356,00119
Raw:05768,05000,-14880,32767,-09912,-32768,-00261,00358,00093
Raw:12352,02952,-14392,32767,01768,-17404,-00265,00407,00080
Raw:08824,-02592,-11720,17894,-09360,-14024,-00284,00427,00044
Raw:04760,-04472,-13216,28924,-27702,-14911,-00290,00440,00041
Raw:04952,-02784,-13016,26210,-32768,-11925,-00278,00433,00029
Raw:01352,-08944,-11952,26746,-32768,-16657,-00276,00445,00024
Raw:-01216,-10832,-11816,27619,-32768,-19941,-00253,00452,00016
Raw:-07344,-10048,-18464,20650,-32768,-19574,-00259,00453,00010
Raw:-10296,-08160,-12008,32767,-32768,-22150,-00248,00469,00007
Raw:-10104,-12152,-14216,32767,-27434,-04568,-00243,00484,-00016
Raw:-07896,-13280,-10608,13418,-18928,06508,-00253,00489,-00044
Raw:-07200,-12680,-08152,11106,-14529,00805,-00237,00488,-00067
Raw:-02984,-11192,02664,19947,-06006,03110,-00247,00478,-00069
Raw:-09248,-12456,-06832,32767,02780,07280,-00229,00491,-00077
Raw:-07352,-15920,-05816,32767,10769,09887,-00235,00500,-00159
Raw:-17752,-21488,-03888,32767,22247,06752,-00213,00483,-00211
Raw:-10560,-17408,02488,32767,13875,04368,-00205,00459,-00261
Raw:-10312,-15776,04800,32767,13796,-00027,-00187,00443,-00293
Raw:-09184,-10960,04480,32767,16050,04045,-00194,00421,-00319
Raw:-11472,-10968,07592,32767,29060,04609,-00164,00372,-00358
Raw:-10096,-13936,10392,28144,32767,-11677,-00135,00341,-00371
Raw:-12208,-10928,02904,32767,24954,-00890,-00084,00324,-00373
Raw:-13928,-09192,08496,32767,11507,12198,-00065,00284,-00364
Raw:-17984,-05168,06568,32767,06791,16743,-00064,00245,-00365
Raw:-14608,-06392,05880,25571,01278,-04375,-00056,00214,-00352
Raw:-13288,-09384,06152,31464,-08752,-26876,-00051,00202,-00348
Raw:-11808,-03408,02832,32767,-13453,-13676,-00043,00178,-00344
Raw:-13264,-04584,05464,32767,-18871,-11162,-00047,00173,-00337
Raw:-12232,-02352,08328,32767,-25094,-14138,-00060,00142,-00329
Raw:-15136,01656,06968,32767,-17432,-32768,-00059,00101,-00292
Raw:-14824,02432,03328,17851,-01917,-12479,-00065,00095,-00286
Raw:-08424,06544,09096,28505,-12749,04302,-00064,00091,-00264
Raw:-04288,08560,15024,32767,-32374,-17125,-00056,00083,-00237
Raw:-03440,07088,16448,32555,-30605,-13151,-00056,00080,-00208
Raw:-04128,06552,12920,14743,-32768,-05144,-00053,00088,-00206
Raw:-04376,09976,10528,05278,-32768,-15886,-00059,00069,-00209
Raw:17432,16352,19272,07601,-32768,-11723,-00062,00077,-00231
Raw:04928,13952,15960,-03138,-32768,-08234,-00056,00080,-00248
Raw:03464,12376,13496,-11826,-32768,-20244,-00066,00101,-00258
Raw:08288,04280,09744,-06492,-32768,-05718,-00070,00108,-00291
Raw:05928,14184,08968,05754,-32768,-00559,-00121,00111,-00320
Raw:04224,09416,09304,19410,-32768,-04660,-00129,00096,-00318
Raw:09048,09616,09864,18745,-32768,-03010,-00139,00098,-00310
Raw:08920,11208,07968,16580,-32768,-01136,-00163,00085,-00300
Raw:08720,11528,04792,22876,-32768,06131,-00182,00083,-00279
Raw:12296,11048,02976,29332,-32768,16539,-00213,00070,-00244
Raw:11400,12048,-02360,22636,-32768,14064,-00235,00055,-00199
Raw:10720,12616,-05408,14910,-32768,17242,-00260,00062,-00176
Raw:09984,11152,-07792,18051,-32768,24888,-00291,00079,-00122
Raw:07200,10552,-09408,23543,-32768,28167,-00298,00086,-00108
Raw:06848,05808,-13464,16748,-20391,32767,-00325,00116,-00047
Raw:05104,06448,-16240,12242,-17113,32767,-00335,00147,-00017
Raw:01456,06688,-13400,15195,-13422,32767,-00340,00180,-00001
Raw:01976,01920,-12888,11191,-05691,32767,-00360,00206,-00000
Raw:02504,-02208,-11240,01312,03101,32767,-00362,00247,00008
Raw:-01168,-01120,-05392,-04446,-08294,32767,-00355,00277,00012
Raw:-09912,-03536,-14320,01519,-07116,32767,-00365,00305,00007
Raw:-05488,-04832,-19544,12350,-11919,32767,-00368,00330,00028
Raw:-06456,-04064,-19024,23262,-07737,32767,-00329,00377,00023
Raw:-08464,-06744,-17488,32767,-07658,32767,-00313,00407,00023
Raw:-08560,-16112,-15232,32767,-02680,32767,-00280,00458,-00012
Raw:-13680,-15872,-09616,32767,10581,32767,-00254,00488,-00076
Raw:-15712,-12832,-05128,32767,10302,32767,-00193,00491,-00165
Raw:-14064,-08920,-00432,29089,14928,32767,-00150,00469,-00191
Raw:-15448,-12000,00264,32767,19172,32767,-00105,00447,-00214
Raw:-16144,-13000,-01744,32767,22024,29930,-00076,00412,-00233
Raw:-17416,-11720,-04832,32767,27515,20199,-00062,00392,-00247
Raw:-17608,-08680,-01176,32767,29186,28925,-00025,00358,-00253
Raw:-20744,-09512,-10272,32767,-26177,-00968,-00002,00293,-00261
Raw:-12952,-07288,-00224,32767,05470,-13540,-00026,00273,-00294
Raw:-17304,-09712,-00720,32767,01734,-14973,-00014,00231,-00290
Raw:-17400,-08456,-01192,32767,00054,-17676,-00021,00221,-00283
Raw:-17064,-03368,04928,32767,-05127,02207,-00000,00183,-00257
Raw:-15368,-08696,10072,32767,-04301,00143,00002,00149,-00238
Raw:-16776,01880,07904,32767,00211,07207,00009,00116,-00174
Raw:-16568,01136,07744,32767,00832,05792,-00013,00108,-00126
Raw:-15072,04816,12384,15157,-04657,-01000,-00011,00114,-00094
Raw:-15984,03432,04560,32767,-03592,08371,-00010,00110,-00090
Raw:-12624,02336,07216,26258,-09577,10282,-00015,00118,-00062
Raw:-12760,01568,05024,24158,-09705,09781,-00020,00115,-00062
Raw:-11920,02720,05248,22709,-19154,-02167,-00021,00124,-00058
Raw:-10952,03736,06760,-00504,-31742,-12881,-00004,00126,-00058
Raw:-10840,02080,05688,-01410,-32768,-20104,00014,00141,-00087
Raw:-11720,03672,08504,03148,-32768,-32768,00023,00156,-00120
Raw:-11792,03608,08784,-02800,-32768,-32768,00029,00187,-00168
Raw:-14384,-01208,07768,01874,-15455,-32768,00027,00217,-00187
Raw:-13312,03288,15496,32767,-15739,-26737,00044,00229,-00199
Raw:-07368,01960,10760,12224,-18170,-32768,00037,00244,-00227
Raw:-11272,00848,12120,07685,-32768,-32768,00015,00296,-00244
Raw:-05776,-02264,14144,11401,-15499,-32712,00013,00311,-00267
Raw:-11192,-00072,10824,23800,-16199,-25843,-00009,00332,-00302
Raw:-04352,03920,18896,32767,-24855,-22328,-00044,00341,-00326
Raw:-05152,06832,19608,23790,-17561,-14770,-00057,00330,-00360
Raw:-05960,05824,18240,23387,-22711,-07987,-00077,00321,-00373
Raw:-05760,04824,14336,27463,-22189,-07178,-00115,00311,-00390
Raw:-04480,06040,12208,32767,-24489,-07208,-00131,00290,-00391
Raw:-01864,09144,12528,32767,-25053,-09259,-00144,00247,-00385
Raw:-01816,08016,07872,27348,-23139,-09849,-00170,00219,-00402
Raw:-01144,10040,03240,25318,-20206,-12699,-00199,00202,-00373
Raw:-03584,15568,01512,16315,-10770,-16431,-00203,00186,-00379
Raw:-03280,22880,-05240,-04923,02911,-04561,-00211,00172,-00362
Raw:-04328,21912,-07824,-01942,16437,10890,-00198,00173,-00370
Raw:-06712,19008,-05888,-09211,32767,17161,-00192,00182,-00369
Raw:-05424,16064,-02224,-20697,32767,20188,-00154,00182,-00371
Raw:-06280,14912,02208,-21970,32767,25580,-00114,00196,-00372
Raw:-09024,15376,06360,-23585,32767,29036,-00060,00199,-00364
Raw:-14904,10168,08728,-25991,32767,27246,-00043,00201,-00339
Raw:-11880,08896,14240,-28037,32767,24157,-00020,00195,-00305
Raw:-12144,09840,11320,-23446,32767,23924,00001,00185,-00274
Raw:-08496,12696,12344,-24746,24861,30487,00013,00182,-00258
Raw:-10280,11016,10784,-32768,23770,32767,00007,00168,-00214
Raw:-11360,08624,09896,-32768,24298,32767,00002,00154,-00219
Raw:-08496,06440,07168,-30534,14693,32767,-00003,00142,-00215
Raw:-10296,05528,12728,-29404,21659,30133,-00019,00129,-00217
Raw:-07600,08896,14784,-32768,14031,29808,-00029,00130,-00232
Raw:-10096,04216,08024,-32768,08475,32045,-00033,00116,-00245
Raw:-08088,02784,10336,-21134,15132,30219,-00040,00126,-00261
Raw:-10928,05080,13400,-32733,01552,32767,-00060,00118,-00277
Raw:-09624,-00000,13104,-26024,-01221,32767,-00084,00115,-00286
Raw:-07464,-00384,15872,-24788,-03068,32767,-00099,00122,-00324
Raw:-07296,03136,15272,-32768,-05342,32767,-00119,00129,-00332
Raw:-15904,00784,09152,-32768,-07667,32767,-00160,00161,-00363
Raw:-12680,-00944,10008,-32768,11668,32767,-00167,00196,-00382
Raw:-14696,-01816,06184,-32768,17081,32767,-00163,00219,-00388
Raw:-15480,-02600,04992,-32768,13993,32767,-00155,00270,-00389
Raw:-15504,-01936,03632,-32768,17105,32767,-00136,00295,-00389
Raw:-16624,00120,-01272,-32768,10881,32490,-00131,00322,-00382
Raw:-17544,-04352,01208,-32768,06022,26757,-00111,00339,-00355
Raw:-15944,-03600,01648,-32768,09222,24195,-00084,00363,-00331
Raw:-16816,-02808,-00136,-32768,09482,21385,-00077,00373,-00300
Raw:-22128,-03056,00920,-28675,22976,03909,-00069,00382,-00287
Raw:-20032,-04352,-03424,-31619,31926,-11518,-00053,00396,-00241
Raw:-19616,-04576,-00136,-32768,32767,20636,-00049,00418,-00208
Raw:-18672,-04320,-07112,-32768,32767,14645,-00028,00409,-00139
Raw:-17128,-01104,-15712,-32768,32767,08210,-00034,00393,-00062
Raw:-13976,02264,-17952,-32768,32767,05828,-00045,00357,00035
Raw:-11448,09656,-14416,-02419,32767,18529,-00095,00340,00099
Raw:-07360,06400,-14328,-10869,32767,17202,-00137,00349,00128
Raw:01808,10808,-06488,-25875,32767,27393,-00187,00339,00135
Raw:06496,06840,-13176,-01359,32767,28833,-00222,00320,00136
Raw:10304,04600,-18336,21698,32767,10864,-00243,00327,00129
Raw:09512,02384,-20704,30325,32767,02137,-00285,00371,00083
Raw:07296,-00336,-17592,12225,32767,-21646,-00302,00381,00069
Raw:01184,02440,-05424,-32768,32767,-32768,-00370,00367,-00018
Raw:-01096,-00720,10552,-32768,32767,-10362,-00406,00335,-00087
Raw:-00392,-02128,17088,-20564,32767,-09285,-00387,00337,-00186
Raw:-04584,04128,11888,-31775,32767,-16351,-00371,00339,-00227
Raw:02152,08856,12488,-03995,32767,06940,-00357,00351,-00265
Raw:-30544,20272,00896,09731,28540,01263,-00317,00357,-00292
Raw:00848,-05824,15272,-32768,21132,-13249,-00303,00372,-00323
Raw:02856,-11624,11080,-32768,32767,-32768,-00290,00361,-00329
Raw:-06048,-03168,06840,-24864,32767,-30973,-00276,00388,-00305
Raw:-10680,-09032,11304,04604,32767,-00826,-00270,00402,-00320
Raw:-13312,-11288,07536,12477,32767,-03149,-00230,00396,-00345
Raw:-17464,-08408,08528,-00642,32767,-23341,-00192,00378,-00345
Raw:-17192,-11672,03640,-16295,32767,-22309,-00167,00387,-00339
Raw:-14520,-11776,00496,-07233,32767,-07650,-00125,00391,-00326
Raw:-12768,-13248,-00808,15990,32767,-02899,-00106,00383,-00307
Raw:-14344,-06824,02760,01684,22796,-01606,-00081,00385,-00297
Raw:-14840,-09464,-01384,-04465,16499,-01203,-00072,00378,-00277
Raw:-15120,-11528,-02656,02543,14815,00008,-00072,00381,-00284
Raw:-14520,-13016,-00872,19546,06533,07397,-00059,00377,-00264
Raw:-14768,-08960,00328,32767,02750,18087,-00039,00363,-00286
Raw:-15752,-07528,06320,32767,-06966,32767,-00034,00299,-00293
Raw:-17104,-05976,06856,32767,-10117,32767,-00027,00257,-00305
Raw:-18376,-03592,05624,32767,-03989,27951,-00049,00182,-00307
Raw:-19456,11712,-00336,32767,-02346,32767,-00049,00140,-00291
Raw:-20408,10592,10584,31696,-06493,32767,-00074,00096,-00266
Raw:-19376,12992,06216,30286,-10543,32767,-00103,00070,-00241
Raw:-16736,13648,06728,21398,-24272,32767,-00141,00054,-00217
Raw:-12640,14264,05416,25873,-28186,32767,-00227,00064,-00191
Raw:-09280,14984,03120,12035,-32768,32767,-00245,00058,-00147
Raw:-05288,13808,00952,09474,-32059,32767,-00319,00100,-00121
Raw:-00848,15552,-00920,11844,-22329,32767,-00335,00122,-00104
Raw:02624,13552,-00992,14697,-14043,32767,-00351,00186,-00056
Raw:06416,09432,-01856,13311,-08161,32767,-00384,00238,-00044
Raw:09336,08616,-01336,13277,-02579,32767,-00394,00260,-00025
Raw:11720,03720,-00248,10504,01801,32767,-00393,00321,-00029
Raw:10032,03312,-02808,27064,09832,31778,-00387,00367,-00028
Raw:12968,-00104,-02192,17282,04122,25540,-00375,00402,-00054
Raw:16176,-00184,00744,31440,-02728,26239,-00368,00404,-00058
Raw:11840,-03744,-01288,31568,-15768,23899,-00355,00433,-00086
Raw:11888,-05504,-01496,24300,-15784,17312,-00341,00454,-00103
Raw:13000,-05472,-02208,22720,-14592,16531,-00326,00455,-00112
Raw:14472,-06288,-06144,20919,-16270,28190,-00316,00480,-00121
Raw:07384,-13432,-02456,18739,-10102,32767,-00282,00484,-00139
Raw:09816,-14440,-03808,20804,-17246,30200,-00253,00491,-00143
Raw:10264,-16632,-01896,32767,-26509,24108,-00230,00488,-00166
Raw:07432,-17160,-04712,32767,-25950,12789,-00223,00485,-00197
Raw:05120,-13320,-00616,30843,-19145,11078,-00219,00459,-00240
Raw:04208,-14840,00016,32767,-19231,21307,-00230,00438,-00284
Raw:03512,-14360,04184,32767,-15015,30639,-00215,00429,-00302
Raw:-01528,-02224,08864,32767,-21037,26359,-00210,00397,-00332
Raw:00928,-13168,04792,27059,-14852,29206,-00219,00377,-00349
Raw:02936,-14696,06152,32767,-04429,28170,-00205,00350,-00379
Raw:-02512,-06352,13792,32767,-05709,32767,-00211,00331,-00371
Raw:-05720,-05920,09088,09263,-06457,32767,-00210,00303,-00386
Raw:-05904,-13712,11976,09949,-26695,32767,-00215,00290,-00377
Raw:-05912,-13288,09928,11384,-17655,20523,-00228,00277,-00364
Raw:-06696,-03600,14704,-03597,-22491,28731,-00248,00278,-00368
Raw:-06784,-09616,17144,-01116,-26731,32767,-00271,00289,-00359
Raw:-03768,-11528,17928,21348,-32768,25435,-00274,00303,-00346
Raw:-00848,-07360,19240,32129,-32768,06726,-00320,00300,-00316
Raw:00744,-05200,19304,23449,-32768,08883,-00340,00279,-00291
Raw:05160,-06424,18368,32264,-32768,-02074,-00360,00273,-00266
Raw:06224,-07200,12808,28546,-32768,-19172,-00381,00264,-00222
Raw:14752,31872,06776,22203,-23758,11914,-00394,00243,-00165
Raw:09000,08944,10344,32767,-19046,06071,-00401,00231,-00136
Raw:16352,00064,07072,15974,-11525,16955,-00396,00236,-00106
Raw:17200,08096,15072,32767,01786,00904,-00401,00253,-00103
Raw:10264,11480,12488,15974,-19487,01986,-00404,00258,-00084
Raw:10752,08512,08488,13544,-31420,-01339,-00406,00260,-00080
Raw:05712,06312,01664,08375,-32768,-10756,-00387,00250,-00030
Raw:08552,08688,06496,-01558,-32768,21433,-00381,00254,-00015
Raw:09592,01584,-01904,00617,-32768,29663,-00362,00279,00036
Raw:10840,02760,-04496,-04097,-32768,32767,-00329,00293,00077
Raw:08576,03584,-05376,-00090,-32768,32767,-00285,00299,00102
Raw:09584,00008,-11184,00195,-32768,32767,-00240,00314,00126
Raw:07392,-00712,-16928,03392,-32768,27607,-00175,00326,00129
Raw:05008,-03752,-18904,03513,-27918,18844,-00132,00319,00130
Raw:01248,-04232,-21984,03141,-14331,12516,-00112,00322,00113
Raw:00400,-04104,-23192,02126,02415,08586,-00108,00316,00109
Raw:01752,-03240,-22712,00659,19283,04838,-00103,00309,00121
Raw:02736,-03936,-21144,-01517,32767,08036,-00120,00309,00121
Raw:06664,-05856,-16048,12342,32767,01318,-00172,00313,00139
Raw:10592,-04520,-05544,22231,32767,14086,-00246,00332,00122
Raw:13240,-01312,00664,14910,32767,09154,-00313,00352,00087
Raw:13488,-07152,-01920,15103,32767,-03078,-00345,00366,00031
Raw:07752,-05448,03704,09226,32767,-03268,-00375,00372,-00021
Raw:09824,-09464,05128,-02879,32767,-08705,-00382,00365,-00092
Raw:01664,-09632,09960,-32768,32767,-07742,-00399,00360,-00096
Raw:02296,-10136,17488,-21213,32767,-06168,-00396,00360,-00106
Raw:00928,-09576,11664,08604,32767,-05834,-00388,00354,-00173
Raw:-02888,-10208,10232,09198,32767,-04154,-00378,00354,-00211
Raw:-07784,-12000,14672,-14306,32767,-00191,-00335,00341,-00281
Raw:-10592,-16168,13608,-26709,32767,05224,-00303,00340,-00335
Raw:-09536,-08856,09624,-10515,32767,03391,-00235,00351,-00350
Raw:-20352,-13592,03112,14174,32767,-02085,-00179,00347,-00368
Raw:-20496,-11640,04128,32767,32767,-06553,-00130,00329,-00348
Raw:-19896,-05576,08128,29576,32767,04455,-00068,00289,-00340
Raw:-20584,-07616,11896,12969,32767,07745,-00033,00273,-00297
Raw:-16064,-09664,09848,02564,06440,04454,-00007,00253,-00278
Raw:-15760,-14576,-11744,32767,04957,05228,00002,00250,-00276
Raw:-20280,-21296,-00392,32767,09306,-22981,-00004,00236,-00268
Raw:-09632,-10128,-04664,19971,09852,-32768,00004,00223,-00243
Raw:-15440,-06512,-02440,02746,11007,-32768,00010,00269,-00234
Raw:-12992,-09304,-02384,32767,16162,-21642,00014,00300,-00219
Raw:-11264,-06784,-00552,32767,21213,-10324,00011,00300,-00207
Raw:-10016,-13432,05856,32767,19398,-15512,00021,00288,-00195
Raw:-10016,-14416,05856,23851,14931,-30594,00017,00304,-00199
Raw:-09008,-11680,04856,26289,15256,-31078,00023,00315,-00174
Raw:-07400,-10736,04584,32174,21033,-32768,00007,00320,-00181
Raw:-08656,-08224,07040,22689,23323,-32768,00007,00347,-00167
Raw:-11360,-13296,05552,28241,21056,-24286,-00014,00372,-00160
Raw:-06768,-09840,10032,25618,19733,-13264,-00023,00399,-00162
Raw:-09664,-05816,10832,24153,09566,03206,-00023,00402,-00179
Raw:-08504,-07552,12960,27478,04089,06828,-00016,00390,-00186
Raw:-06976,-08496,12880,27008,01791,-00329,-00014,00372,-00198
Raw:-07600,-08904,09992,04089,01739,-19966,-00013,00371,-00211
Raw:-07528,-08592,07200,07620,21577,-31229,-00027,00388,-00201
Raw:-10080,-06544,11064,17035,30583,-32768,-00043,00424,-00198
Raw:-10512,-08048,14840,14414,18026,-32768,-00063,00438,-00192
Raw:-07368,-09032,11592,25633,04925,-32768,-00072,00445,-00180
Raw:-04272,-02080,00552,32767,17143,-25630,-00111,00460,-00211
Raw:-10344,-00160,08160,28006,27351,-17484,-00120,00460,-00237
Raw:-13944,-02960,11072,31635,30840,-09927,-00113,00450,-00246
Raw:-12624,-02320,14880,28417,13238,-10977,-00118,00431,-00274
Raw:-12448,-00840,11912,27228,02735,-15489,-00109,00424,-00297
Raw:-10904,-01688,09152,21965,03389,-20953,-00120,00413,-00303
Raw:-12520,-01152,08368,11335,04931,-27682,-00138,00402,-00323
Raw:-12792,-02928,09096,04402,08893,-27557,-00139,00393,-00314
Raw:-11928,-03272,09080,03266,14709,-32357,-00155,00404,-00332
Raw:-13144,-05128,08752,01353,15632,-32768,-00163,00408,-00322
Raw:-14504,-07760,09264,01019,16197,-26000,-00175,00406,-00324
Raw:-15824,-07768,12480,01863,02768,-14475,-00176,00395,-00318
Raw:-18040,-05848,16448,07083,-15332,-02336,-00190,00411,-00333
Raw:-16320,-05808,18200,00438,-32768,09186,-00198,00402,-00335
Raw:-18472,-05712,18472,-10296,-32768,18904,-00233,00408,-00314
Raw:-12608,-04904,14464,-05933,-32768,26804,-00248,00412,-00304
Raw:-08128,-02096,13400,-13120,-32768,32767,-00276,00431,-00289
Raw:-05832,-02912,15424,-05927,-32768,32767,-00273,00438,-00251
Raw:-06920,-06704,14168,03734,-32768,32767,-00261,00453,-00239
Raw:-02928,-07416,12136,18639,-32768,32767,-00245,00480,-00208
Raw:-03048,-08808,10376,23439,-32768,32767,-00203,00469,-00231
Raw:-01392,-14488,11176,09511,-22483,32767,-00170,00463,-00251
Raw:01720,-10152,14576,-07592,-23038,32767,-00127,00440,-00270
Raw:03000,-06920,12224,-10148,-24468,32767,-00114,00434,-00276
Raw:02288,-04872,10376,-19483,-22028,32767,-00100,00434,-00271
Raw:-01080,-10128,09920,-15552,-25181,32000,-00107,00419,-00268
Raw:00560,-08776,08976,-26916,-18660,32767,-00084,00418,-00255
Raw:-03544,-11688,09856,-22471,-24324,32767,-00068,00411,-00253
Raw:-03664,-12856,08200,-09994,-31854,32767,-00057,00402,-00261
Raw:-06576,-14144,06848,13231,-29164,32767,-00046,00393,-00263
Raw:-07024,-12280,07592,21482,-17947,32767,-00050,00325,-00302
Raw:-08576,-10136,08136,03088,-09792,32767,-00037,00309,-00324
Raw:-08656,-09168,08672,-02304,-05954,32767,-00049,00277,-00329
Raw:-09848,-06592,09184,-10509,-04770,32767,-00045,00253,-00318
Raw:-11000,-06568,09656,-23855,-13857,32767,-00054,00231,-00337
Raw:-13608,-07952,10080,-32768,-24144,32767,-00057,00240,-00346
Raw:-12992,-06464,11000,-19204,-31785,32767,-00103,00234,-00364
Raw:-13224,-08128,10224,-14330,-32768,32767,-00123,00244,-00381
Raw:-11360,-08968,05648,-08258,-32768,25709,-00169,00253,-00386
Raw:-12440,-09648,06560,08302,-05666,15707,-00186,00255,-00377
Raw:-14400,09120,20808,-17570,12871,10994,-00190,00249,-00373
Raw:-11664,-02080,19784,-31301,-15345,32767,-00182,00257,-00373
Raw:-15040,-15584,16856,-14668,-32768,17513,-00191,00275,-00375
Raw:-12696,-15328,03952,15884,-26739,-10033,-00235,00296,-00364
Raw:02320,25424,16920,13805,17875,-08893,-00243,00278,-00351
Raw:-04640,-12280,07304,28591,32767,-05529,-00240,00284,-00362
Raw:-11488,05232,24168,02259,-07092,04738,-00218,00252,-00371
Raw:-10208,02280,14184,32767,-16168,17675,-00218,00239,-00373
Raw:-06672,02936,15344,20159,-25953,10361,-00246,00218,-00365
Raw:-06296,02488,18184,13294,-32768,17942,-00265,00218,-00342
Raw:-04944,-01232,19744,15360,-32768,02258,-00309,00209,-00322
Raw:00880,09520,17888,08248,-32768,-00120,-00339,00216,-00283
Raw:07544,08256,15408,02996,-32768,00650,-00376,00202,-00194
Raw:07520,10984,10960,12053,-32768,14651,-00389,00198,-00134
Raw:10328,05944,07032,05763,-32768,16213,-00390,00212,-00050
Raw:10584,04936,06856,04658,-25910,06787,-00383,00242,-00027
Raw:10416,02688,03936,14914,-32768,00993,-00380,00233,-00000
Raw:11480,03616,00504,15197,-32768,-02631,-00352,00242,00020
Raw:13024,02864,-01936,06953,-32768,03337,-00327,00253,00066
Raw:11488,00856,-08392,11394,-32768,12303,-00315,00250,00082
Raw:10024,01200,-11312,15295,-32768,05004,-00261,00272,00140
Raw:04960,06248,-07336,32767,-32768,08464,-00222,00278,00151
Raw:07296,-02824,-15904,32767,-32768,13059,-00168,00311,00142
Raw:03520,-00136,-11072,30328,-32768,19018,-00108,00354,00114
Raw:08872,00008,-15824,05174,-32768,23290,-00066,00355,00073
Raw:-17496,00576,-16648,02445,-18006,20133,-00029,00346,00055
Raw:-08656,-07728,-17728,17269,-27429,14863,-00001,00336,00005
Raw:-13640,-10544,-16144,08571,-08090,08493,-00003,00321,-00020
Raw:-11400,-10768,-16720,08023,05934,02982,00016,00337,-00033
Raw:-13760,-08656,-19856,02016,23690,-07982,00007,00322,-00028
Raw:-07840,-04760,-17072,-25978,32767,-14630,-00005,00324,-00003
Raw:-02000,-04968,-18240,-28095,32767,02670,-00053,00319,00067
Raw:04040,-06584,-18232,-19829,32767,07169,-00087,00291,00109
Raw:05768,-04952,-15736,-14190,32767,00103,-00147,00286,00147
Raw:06080,-01712,-13072,-15584,32767,-09943,-00227,00280,00151
Raw:08384,-01112,-07344,-15479,32767,-10596,-00289,00265,00122
Raw:09304,-01552,03608,-20314,32767,-11171,-00340,00259,00071
Raw:07520,01520,04600,-11041,32767,-07936,-00377,00240,00021
Raw:04240,00544,10128,14685,32767,-05766,-00393,00229,-00093
Raw:00640,-01184,15800,13256,32767,-16482,-00387,00231,-00143
Raw:-03136,01248,16936,10339,32767,-16546,-00359,00209,-00241
Raw:-05080,01184,15304,02702,32767,-21938,-00298,00186,-00306
Raw:-09656,01760,13176,-08143,32767,-26672,-00241,00173,-00330
Raw:-14816,01424,12144,-17711,32767,-30583,-00200,00178,-00351
Raw:-14552,-01496,09296,-19756,32767,-22528,-00155,00191,-00356
Raw:-18344,-06320,08192,-21142,32767,-19175,-00102,00201,-00356
Raw:-19080,-11160,03880,-30180,32767,-32768,-00065,00217,-00333
Raw:-15288,-10904,00264,-32768,32767,-32768,-00043,00248,-00335
Raw:-20696,-16312,-01456,-19836,32767,-32434,-00045,00298,-00271
Raw:-14784,-15712,-04160,-01426,32767,-31905,-00025,00339,-00246
Raw:-11920,-17400,-05864,-09826,20093,-32768,-00013,00361,-00206
Raw:-07392,-15680,-11104,-09359,26026,-32768,-00044,00411,-00178
Raw:-05472,-14824,-11568,-10722,32767,-32768,-00076,00437,-00151
Raw:-03280,-14400,-11072,-02177,32767,-30174,-00098,00454,-00115
Raw:-01128,-10504,-06832,-00985,32767,-23851,-00118,00460,-00097
Raw:03664,-12064,-06384,05924,32767,-16238,-00135,00468,-00083
Raw:05208,-12464,-06576,05238,31694,-14751,-00160,00481,-00084
Raw:05952,-13112,-07056,-01012,32577,-15001,-00172,00486,-00084
Raw:06480,-11840,-07616,-12906,32767,-16065,-00190,00493,-00086
Raw:08736,-12128,-06344,-20587,32767,-13412,-00224,00481,-00056
Raw:06968,-10984,-03272,-23246,32767,-11270,-00240,00473,-00034
Raw:08544,-08640,-01496,-16047,32767,-10746,-00264,00475,-00041
Raw:10688,-09712,02816,03221,32767,-02989,-00279,00472,-00037
Raw:10808,-06968,03608,21077,32767,02874,-00295,00480,-00069
Raw:07768,-05488,06640,32767,32767,08458,-00288,00478,-00104
Raw:03120,-04208,08496,32555,32767,10059,-00279,00479,-00165
Raw:07528,-16824,08880,-23611,32767,-04249,-00256,00473,-00197
Raw:00608,-14576,11496,22845,32767,-14716,-00247,00478,-00208
Raw:-08784,-08624,13696,32767,32767,-32768,-00258,00464,-00224
Raw:-08680,-04328,19472,32767,32767,-32768,-00249,00440,-00281
Raw:-11568,00368,16904,-32768,25487,-32768,-00255,00429,-00287
Raw:-06344,-06176,17744,-01897,19818,03077,-00248,00462,-00233
Raw:-04912,-02856,16648,10212,07291,20934,-00245,00453,-00232
Raw:-04584,-08608,17640,-11631,-09672,15809,-00242,00473,-00251
Raw:-00952,-13512,05128,23200,09255,04203,-00233,00478,-00244
Raw:-04160,-03944,14168,12659,04109,05452,-00205,00459,-00252
Raw:-03104,-02848,11720,-09782,-02260,00774,-00219,00454,-00273
Raw:-06144,-05488,10864,-32768,06927,00464,-00204,00455,-00260
Raw:-11384,-07576,11120,-23585,20877,12362,-00212,00462,-00228
Raw:-14864,-10296,15040,-19617,28268,19291,-00186,00481,-00200
Raw:-20048,-12744,19592,-07753,14288,19972,-00161,00488,-00185
Raw:-20352,-11048,17776,-04196,-25028,10977,-00157,00474,-00181
Raw:-20384,-10840,13008,-03092,-32768,07817,-00141,00477,-00184
Raw:-17344,-09256,12856,02067,-32768,05716,-00153,00486,-00193
Raw:-15216,-05448,12672,-02015,-32768,03753,-00163,00468,-00194
Raw:-12408,-04400,12144,-12806,-32768,07688,-00168,00475,-00211
Raw:-10848,-04656,11048,-03697,-32768,20129,-00162,00489,-00191
Raw:-05248,-07264,09296,-13287,-32768,29339,-00166,00480,-00204
Raw:-03488,-11040,07480,-11913,-32768,26976,-00156,00488,-00199
Raw:01648,-11080,06824,-02507,-16209,24117,-00154,00470,-00192
Raw:-00792,-12928,10272,-00217,-00405,23313,-00127,00490,-00208
Raw:-00400,-14480,12624,-19296,01297,12084,-00098,00469,-00202
Raw:00616,-12720,12632,-21620,-08391,01714,-00101,00463,-00182
Raw:-01680,-10128,10224,-18963,-26342,06665,-00092,00468,-00163
Raw:-00864,-11256,13520,-09557,-32768,15670,-00090,00472,-00165
Raw:-03240,-09704,06632,-07407,-32768,22922,-00084,00450,-00175
Raw:-03840,-06016,04992,-00258,-32768,32767,-00083,00444,-00188
Raw:-08608,-07360,03672,-16256,-32768,32767,-00057,00424,-00219
Raw:-11440,-15416,-02600,15849,-26150,32767,-00040,00397,-00235
Raw:-11280,-17672,-01280,-32768,-24789,32767,-00019,00335,-00268
Raw:-05896,-18632,-04088,-32768,-11679,16677,-00022,00324,-00265
Raw:-07992,-14384,-01352,-22230,09792,05235,-00020,00329,-00255
Raw:-11064,-10704,00984,-22429,05973,08541,-00007,00335,-00233
Raw:-13856,-11192,01016,-16451,-14239,26286,-00008,00334,-00227
Raw:-16160,-13624,-00376,-05216,-26814,32767,-00005,00321,-00232
Raw:-17224,-12952,-01240,01306,-22949,27100,-00016,00300,-00264
Raw:-16968,-10768,-03536,-01141,-14431,19892,-00005,00277,-00274
Raw:-14600,-08224,-03368,14603,-01402,18089,-00011,00263,-00283
Raw:-16592,-10672,02800,-05702,-04906,14531,-00016,00243,-00297
Raw:-17040,-10352,00448,25895,01219,14516,-00008,00237,-00296
Raw:-18272,-05664,08816,32767,05939,15021,-00014,00196,-00297
Raw:-18568,01496,00912,08816,02785,15349,-00017,00167,-00286
Raw:-15600,-05944,04528,-10509,-04336,18136,-00028,00168,-00278
Raw:-16592,-11048,07744,12655,-09013,07928,-00034,00157,-00284
Raw:-22320,08408,15896,16354,-32768,-02721,-00040,00144,-00285
Raw:-14984,-01200,07984,23781,-32768,21816,-00066,00139,-00292
Raw:-15136,-02416,09584,23832,-32768,17511,-00100,00116,-00309
Raw:-12832,00488,16064,04847,-32768,16005,-00169,00104,-00311
Raw:-07584,-01144,17824,-07023,-32768,12365,-00218,00113,-00298
Raw:-04328,-00560,14336,11379,-32768,05239,-00266,00130,-00272
Raw:01088,01680,15888,11865,-32768,00235,-00307,00110,-00222
Raw:02776,02208,12632,12546,-32768,-04327,-00321,00115,-00182
Raw:04096,03168,10864,16029,-32768,-09138,-00322,00099,-00136
Raw:04176,03368,05448,00193,-32768,-08489,-00313,00096,-00094
Raw:08856,08096,04272,-17068,-32768,-16073,-00301,00091,-00061
Raw:07024,12576,-03176,-05926,-32768,-11361,-00262,00074,-00018
Raw:07144,06960,-08200,-08564,-32768,-02467,-00248,00077,-00023
Raw:09016,08952,-09984,-03965,-32768,-03976,-00204,00050,-00010
Raw:08048,12576,-14872,20145,-32768,02596,-00182,00050,-00003
Raw:08272,08120,-13880,24850,-30729,03603,-00160,00079,00025
Raw:05864,07408,-15272,10111,-16306,-04133,-00167,00079,00035
Raw:02840,08512,-15656,15293,-11265,-00175,-00148,00084,00040
Raw:01840,06496,-18608,20041,-05463,08678,-00147,00093,00057
Raw:02968,05488,-18728,21275,-03863,14908,-00139,00100,00086
Raw:04584,03328,-19080,15066,03308,17311,-00151,00120,00093
Raw:06144,02040,-18784,15775,13103,13946,-00163,00130,00100
Raw:05664,00288,-20776,17942,26739,13358,-00187,00152,00114
Raw:07768,-02672,-20848,10688,32767,14955,-00210,00161,00115
Raw:08624,-02072,-15040,-00856,32767,15388,-00261,00182,00107
Raw:08832,-03768,-08472,-10448,32767,19367,-00311,00177,00076
Raw:09120,-03912,-02672,-04485,32767,24779,-00355,00197,00024
Raw:07968,-05520,02648,-04651,32767,30563,-00387,00233,-00044
Raw:06192,-07664,03504,-20907,32767,32767,-00404,00268,-00115
Raw:05112,-12560,07280,-17513,32767,32767,-00405,00301,-00175
Raw:05976,-11840,05064,-16613,20861,32767,-00377,00315,-00205
Raw:01528,-17472,08440,-02381,15101,31780,-00372,00360,-00240
Raw:02536,-17136,06712,15724,06883,22474,-00358,00387,-00245
Raw:-03080,-14520,00632,32767,32767,15082,-00339,00390,-00257
Raw:-06680,-13760,05824,27556,32767,11496,-00294,00372,-00323
Raw:-10056,-12552,09872,28547,32767,11400,-00247,00344,-00336
Raw:-12648,-09808,10960,29191,32767,10437,-00191,00322,-00379
Raw:-16760,-09896,10976,03781,32767,13564,-00137,00294,-00376
Raw:-11344,-17584,-01168,-32768,28646,-16908,-00105,00290,-00356
Raw:-13360,-14896,02600,13169,32767,-20726,-00074,00293,-00339
Raw:-14728,-14120,03368,07887,23019,-22045,-00068,00316,-00333
Raw:-12464,-04136,05024,-13991,00706,-31450,-00053,00319,-00317
Raw:-11888,-16232,-02888,-18984,03713,-32768,-00068,00341,-00312
Raw:-09360,-13336,-04712,-02301,23990,-32768,-00083,00380,-00302
Raw:-09160,-13472,-00616,10105,32767,-32768,-00088,00397,-00283
Raw:-05944,-17632,-03184,06914,32767,-32768,-00074,00414,-00278
Raw:-03816,-17152,-03760,17403,32767,-32768,-00081,00412,-00254
Raw:-04992,-15376,00504,28529,32767,-32768,-00090,00429,-00238
Raw:-00344,-12432,04080,14074,32767,-32768,-00100,00427,-00235
Raw:00256,-12320,03680,13056,32767,-27546,-00100,00434,-00226
Raw:00672,-13560,05920,16229,32767,-22552,-00108,00450,-00213
Raw:00408,-11880,07592,01790,32767,-21823,-00096,00448,-00213
Raw:-01992,-11688,07664,-05425,32767,-18526,-00114,00469,-00191
Raw:-02864,-14976,08464,19354,32767,-12051,-00106,00470,-00173
Raw:-03328,-12928,11240,21332,32767,-11858,-00109,00479,-00146
Raw:-01928,-10480,12064,03520,32767,-03590,-00124,00472,-00146
Raw:-07728,-09200,11296,08409,30103,00837,-00124,00489,-00129
Raw:-04568,-18336,00232,05912,32767,-09474,-00129,00494,-00143
Raw:-10728,-14712,08208,01110,32767,-27680,-00136,00491,-00129
Raw:-11072,-11168,08880,-07091,32767,-29083,-00153,00494,-00120
Raw:-05896,-07904,01304,12693,32767,-14635,-00182,00488,-00102
Raw:-01296,-09008,08720,27481,27383,05490,-00192,00505,-00119
Raw:-10376,-09432,04256,14472,24046,03460,-00182,00490,-00149
Raw:-13192,-14848,05840,10788,25927,-04818,-00175,00498,-00161
Raw:-12712,-17104,-00496,-01004,20252,-15801,-00192,00483,-00173
Raw:-11592,-08704,02184,-04495,29602,-20063,-00192,00485,-00180
Raw:-13640,-09752,03824,-04145,27029,-12566,-00204,00488,-00166
Raw:-17632,-04288,07584,-04794,17978,-02765,-00209,00483,-00163
Raw:-13336,-23520,03592,-18265,-03678,-07612,-00213,00483,-00149
Raw:-16584,-05056,-05712,03191,18056,-05526,-00221,00483,-00142
Raw:-16392,-10456,01112,04281,16213,07296,-00234,00484,-00125
Raw:-17784,-07000,06424,00389,-02423,18374,-00222,00501,-00143
Raw:-19192,-08440,03928,-08320,-32768,29347,-00199,00503,-00140
Raw:-23528,-07184,00648,-18255,-32768,32767,-00174,00496,-00134
Raw:-19136,-12824,-03168,-21721,-32768,32767,-00123,00478,-00128
Raw:-15480,-10000,01928,-31904,-32768,17953,-00108,00475,-00100
Raw:-15208,-06488,01720,-28225,-29371,13294,-00092,00463,-00104
Raw:-14304,-03456,05064,-14776,-20881,24368,-00072,00453,-00093
Raw:-15552,-12496,06080,-18389,-21404,07072,-00057,00432,-00096
Raw:-17544,-03960,03896,-18633,-20810,-01917,-00043,00434,-00092
Raw:-12792,-02952,08112,-13623,-24720,06351,-00038,00434,-00089
Raw:-12296,-01720,04968,-24885,-32768,14546,-00027,00431,-00102
Raw:-12048,-03672,04032,-31768,-32768,32767,-00027,00416,-00107
Raw:-13696,-12488,04568,-25410,-32768,32767,00019,00365,-00134
Raw:-11328,-11200,04440,-29206,-29079,28121,00025,00324,-00159
Raw:-11424,-09448,06152,-25031,-16523,18386,00038,00308,-00181
Raw:-10384,-10144,06240,-26296,-07539,10023,00021,00288,-00181
Raw:-09312,-07272,09336,-32768,-01792,02070,00026,00293,-00188
Raw:-09016,-10720,08712,-30223,-09964,09089,00026,00295,-00179
Raw:-11184,-09368,05296,-30986,-08307,06978,00019,00288,-00184
Raw:-09264,-09736,04416,-32768,-06749,12140,00023,00293,-00176
Raw:-09304,-13824,01272,-31026,-09233,17680,00029,00281,-00185
Raw:-08472,-18784,01872,-26506,-11725,13426,00011,00285,-00191
Raw:-13968,-09496,05608,-02267,-12888,10739,00022,00267,-00206
Raw:-11416,-08800,01512,-02943,-15727,20849,00016,00268,-00212
Raw:-12736,-10792,01992,-09996,-11488,23941,00013,00244,-00234
Raw:-14080,-09080,05200,-11742,-18084,17176,00016,00236,-00238
Raw:-13856,-07352,03104,-11929,-17651,21403,-00001,00219,-00265
Raw:-14576,-08600,04872,-30274,-17163,15172,-00008,00222,-00267
Raw:-13672,-09496,04344,-32768,-22767,07406,-00021,00221,-00297
Raw:-14000,-08088,06080,-32768,-31079,07407,-00027,00237,-00317
Raw:-13360,-08344,04408,-29664,-32768,13234,-00058,00264,-00343
Raw:-12688,-09872,04608,-30717,-32625,11204,-00095,00293,-00353
Raw:-12608,-09608,07040,-32768,-32768,11293,-00118,00321,-00364
Raw:-11344,-10200,07016,-32768,-26957,10603,-00148,00355,-00351
Raw:-15016,-08160,06224,-32768,-32527,09940,-00158,00388,-00331
Raw:-12224,-08472,02488,-32768,-26511,18388,-00184,00414,-00313
Raw:-11160,-08680,04720,-32768,-24064,18153,-00182,00433,-00286
Raw:-12456,-05576,02648,-32768,-32044,19490,-00194,00448,-00267
Raw:-19360,-09120,-00608,-32768,-32768,24573,-00190,00485,-00187
Raw:-15088,-07416,-00192,-32768,-29715,32767,-00180,00475,-00140
Raw:-16944,-04024,-01424,-32768,-29212,32767,-00132,00463,-00086
Raw:-22800,-06952,-08160,-32544,-13181,32767,-00083,00407,-00014
Raw:-24928,-05376,-09248,09411,28859,32767,-00064,00382,-00011
Raw:-18584,-01296,-08336,21136,32767,28645,-00046,00363,00012
Raw:-17248,-00888,-11216,14309,32767,12629,-00060,00363,00034
Raw:-15064,03224,-09240,08021,32767,08993,-00101,00363,00093
Raw:-10920,05480,-20800,23908,32767,06460,-00153,00385,00084
Raw:-06640,03768,-20056,27173,32767,01033,-00186,00380,00082
Raw:-01608,00944,-21096,25234,32767,05442,-00251,00427,00063
Raw:04504,-01576,-18248,17928,32767,13808,-00295,00453,-00010
Raw:06448,-04528,-15496,13629,32767,21095,-00288,00455,-00046
Raw:07584,-05304,-10528,13440,32767,20105,-00283,00473,-00100
Raw:06624,-07792,-06160,09340,32767,18630,-00264,00490,-00121
Raw:08224,-09928,-06112,15903,32767,12593,-00255,00489,-00153
Raw:07104,-10016,-03104,29347,32767,06690,-00242,00490,-00185
Raw:07672,-09152,-00824,11644,19344,06047,-00224,00467,-00219
Raw:06168,-09864,02800,19628,19329,09093,-00211,00468,-00232
Raw:06560,-12632,10464,29510,23644,14426,-00184,00477,-00252
Raw:04456,-12664,14712,16556,10460,07398,-00170,00443,-00298
Raw:04768,-13912,12504,09566,02129,-05350,-00154,00428,-00303
Raw:04760,-11624,11824,10828,-03632,-14139,-00176,00424,-00313
Raw:05176,-09024,12672,06829,-15247,-24313,-00172,00424,-00323
Raw:08160,-07880,12032,00694,-23682,-31761,-00194,00428,-00319
Raw:10384,-05672,10328,-05639,-26926,-32768,-00240,00423,-00322
Raw:10752,-01112,06304,-17393,-20011,-32768,-00277,00414,-00306
Raw:11864,00688,01944,-32768,-06524,-32768,-00300,00408,-00284
Raw:09472,-01528,09864,-32768,00184,-32768,-00333,00408,-00234
Raw:15904,05648,02200,-32768,02829,-32768,-00358,00385,-00202
Raw:14696,05112,03528,-32768,08280,-32768,-00375,00387,-00186
Raw:13656,04400,12016,-32768,08223,-32768,-00389,00380,-00134
Raw:11744,-00232,13120,-32768,08530,-31715,-00395,00339,-00107
Raw:11864,00304,12528,-31073,-01083,-22618,-00394,00332,-00099
Raw:12312,-02464,07832,-32768,-02127,-24725,-00412,00299,-00083
Raw:11408,-00912,09648,-32768,02776,-32768,-00399,00270,-00099
Raw:10088,-00376,15392,-32768,-04233,-31994,-00399,00233,-00108
Raw:11152,01952,13400,-32768,-25691,-27774,-00400,00227,-00109
Raw:13168,-01064,08408,-32768,-26367,-30045,-00390,00190,-00100
Raw:14168,-00112,09000,-32768,-22123,-30096,-00359,00150,-00112
Raw:14344,01760,05768,-32768,-22125,-28330,-00346,00139,-00120
Raw:15152,04136,06664,-32768,-20491,-23604,-00322,00114,-00136
Raw:15288,04536,05816,-17740,-16166,-14335,-00320,00104,-00155
Raw:13616,05408,01744,-07809,-12178,-07212,-00311,00093,-00149
Raw:15288,05448,00984,-16017,-08668,-03573,-00304,00098,-00152
Raw:15904,05264,03384,-07326,-11144,-04856,-00300,00085,-00161
Raw:16088,05512,01856,08122,-08182,03895,-00291,00081,-00165
Raw:18856,06712,04608,16642,-00027,09986,-00302,00098,-00154
Raw:16960,03608,00376,32767,-01668,07413,-00297,00090,-00142
Raw:16752,02368,00160,32767,04845,03668,-00310,00091,-00094
Raw:15456,03320,-02984,32767,03262,-00374,-00317,00114,-00042
Raw:15104,00776,-02816,32767,03575,03821,-00317,00141,00007
Raw:17272,-07496,-11928,32767,-06439,-00824,-00317,00206,00056
Raw:14880,-01928,-04208,32767,-00891,-11807,-00322,00250,00092
Raw:14432,-04080,-04504,32767,00745,-21127,-00315,00295,00092
Raw:16288,-00640,-00648,32767,-03712,-14117,-00329,00315,00082
Raw:14832,02960,-08248,32767,-16980,00764,-00334,00350,00080
Raw:15808,-02400,-10304,32767,-02107,05559,-00322,00412,00044
Raw:13960,-02536,-04160,32767,-00506,00683,-00315,00422,00035
Raw:13344,-01680,-05832,32767,-05875,-00332,-00301,00449,-00025
Raw:15752,-07872,-10952,32767,-16787,01162,-00309,00448,-00060
Raw:14528,-05928,-08656,30852,-13082,05296,-00311,00473,-00090
Raw:13568,-04712,-06600,17445,-15156,08333,-00292,00473,-00104
Raw:14960,-07528,-04984,25115,-01866,16021,-00284,00491,-00122
Raw:12992,-12440,-04160,32767,-08368,20339,-00285,00485,-00154
Raw:09712,-13352,00032,32767,-01070,21966,-00271,00473,-00201
Raw:11648,-12688,00088,32767,05524,18807,-00251,00469,-00238
Raw:11376,-13896,03768,32767,-02392,12865,-00242,00423,-00293
Raw:10800,-12896,04720,32767,03169,11829,-00227,00409,-00332
Raw:10328,-12328,07536,32767,06669,13584,-00223,00349,-00366
Raw:08488,-10032,09904,23141,13948,15583,-00194,00304,-00385
Raw:05112,-07128,10816,29290,18536,17851,-00182,00279,-00392
Raw:06536,-07160,15336,31380,25143,18017,-00160,00238,-00389
Raw:02752,-05656,15248,12495,15088,17409,-00142,00222,-00383
Raw:-00248,-03312,13496,09192,17522,17222,-00138,00206,-00368
Raw:-01376,-00992,14336,24344,23114,18545,-00123,00187,-00366
Raw:-02600,-00952,18120,14719,15919,18989,-00113,00160,-00362
Raw:-04920,00816,14680,12393,16470,22635,-00100,00139,-00337
Raw:-05936,-00440,14824,13526,17541,19780,-00106,00130,-00314
Raw:-08136,01656,16144,12201,13576,-02299,-00095,00119,-00302
Raw:-11152,05832,12072,14063,13134,-09948,-00088,00099,-00286
Raw:-11944,04480,14080,04266,10836,-06842,-00075,00098,-00274
Raw:-11728,02040,14368,-11551,-11416,-12914,-00064,00106,-00278
Raw:-08056,04904,15624,-24471,-32768,-16649,-00071,00131,-00290
Raw:-03584,01536,18440,-28182,-32768,-09790,-00078,00129,-00316
Raw:-02688,-00336,18008,-23380,-05218,-07532,-00108,00177,-00369
Raw:-02600,-01848,17256,-18409,-01276,-11235,-00120,00182,-00371
Raw:-02104,-02496,14464,-13144,01682,-12559,-00114,00211,-00370
Raw:00608,-08560,16480,-05106,01128,-17034,-00113,00239,-00381
Raw:-00008,-09616,15184,-01665,01379,-15673,-00113,00239,-00371
Raw:-00008,-13344,15336,-04773,-00935,-11030,-00107,00248,-00370
Raw:02184,-13704,12808,-02656,-03018,-05934,-00098,00263,-00391
Raw:03672,-16320,10816,-04018,-01675,-02601,-00109,00263,-00372
Raw:04656,-18280,10552,-01924,-02261,01114,-00119,00265,-00375
Raw:06048,-18960,09096,-01450,-04438,04940,-00119,00268,-00389
Raw:04720,-17544,08264,-03364,-07878,08963,-00117,00268,-00375
Raw:03016,-14928,08272,-02714,-07100,11837,-00127,00281,-00385
Raw:01240,-13144,07576,02428,-06568,14209,-00127,00277,-00392
Raw:00512,-13520,06224,05740,-09572,12112,-00143,00265,-00389
Raw:00792,-13512,05552,10770,-16419,11527,-00151,00252,-00399
Raw:01680,-09136,07704,15326,-21419,09647,-00180,00237,-00399
Raw:03512,-05952,11280,19026,-19737,12901,-00179,00223,-00398
Raw:03208,-00520,13408,15099,-14554,12883,-00202,00222,-00395
Raw:05928,-00320,16160,07730,-11019,11142,-00209,00204,-00383
Raw:05056,00008,15200,-01133,-05140,10535,-00216,00199,-00376
Raw:05376,-00920,14048,-03650,-06743,07437,-00225,00197,-00381
Raw:07424,-04152,14208,-11290,-06932,07715,-00251,00211,-00377
Raw:07248,-04616,13784,-09294,-06034,06254,-00243,00228,-00379
Raw:08672,-05224,13952,-07606,-05044,04208,-00255,00228,-00379
Raw:08016,-07224,12232,-09378,-05013,03875,-00255,00243,-00370
Raw:05416,-06728,10208,-17427,01726,02764,-00262,00253,-00382
Raw:07680,-05888,11648,-09984,-02873,03679,-00274,00265,-00377
Raw:05848,-05488,10904,-03419,-00682,-02319,-00265,00265,-00372
Raw:05584,-07792,09488,-09203,06807,-02239,-00270,00280,-00370
Raw:06912,-08856,09424,-10329,00802,03470,-00267,00288,-00382
Raw:05320,-09816,10896,-09617,-02035,03616,-00272,00295,-00377
Raw:05416,-10744,09768,-07893,-01190,02600,-00273,00289,-00376
Raw:05464,-13120,08216,-06641,-00667,03504,-00280,00306,-00357
Raw:06336,-14216,07728,04552,-02880,03180,-00279,00315,-00353
Raw:04632,-14512,07072,14515,07892,06071,-00284,00313,-00370
Raw:04736,-14704,06560,24490,-00857,06471,-00268,00301,-00373
Raw:02376,-14376,08808,26860,-00777,09311,-00271,00284,-00371
Raw:03776,-12280,11440,32767,01170,06353,-00278,00262,-00359
Raw:04184,-08144,15344,26418,02964,04906,-00258,00218,-00358
Raw:02728,-05296,14344,16522,02832,05145,-00262,00211,-00356
Raw:03904,-06376,15656,09155,01863,06988,-00260,00208,-00353
Raw:04480,-07408,17688,01877,00122,08778,-00268,00197,-00355
Raw:04488,-04624,19408,-12394,02866,14166,-00266,00185,-00348
Raw:04336,-05560,20304,-26433,04113,22540,-00261,00207,-00366
Raw:02712,-05640,16576,-32768,-02750,32767,-00279,00245,-00360
Raw:-00048,-05624,15744,-32768,-03132,32767,-00268,00301,-00366
Raw:-02072,-10480,13856,-32768,06206,32767,-00285,00339,-00359
Raw:-06624,-12616,08888,-32768,10119,32767,-00253,00412,-00325
Raw:-07520,-10264,06160,-32768,15851,32767,-00215,00444,-00273
Raw:-09264,-07368,02136,-32768,28151,32767,-00156,00460,-00222
Raw:-17336,-00416,-05056,-32768,09320,32767,-00095,00459,-00134
Raw:-16840,-00056,-05208,-32768,18023,28501,-00065,00438,-00086
Raw:-15016,01432,-07856,-31103,18146,17634,-00066,00422,-00058
Raw:-13536,01800,-07872,-23561,07951,15896,-00045,00390,-00021
Raw:-11432,01704,-11200,-20980,28873,19715,-00033,00377,-00004
Raw:-08280,09304,-12560,-26475,08174,21347,-00044,00358,00034
Raw:-10440,11168,-13936,-20364,06483,08985,-00037,00321,00055
Raw:-12120,14728,-16512,05713,00493,07623,-00035,00310,00068
Raw:-15536,10136,-14896,21475,-10743,04810,-00039,00314,00071
Raw:-12440,08632,-14736,30903,-00331,08563,-00037,00314,00048
Raw:-13592,10264,-14592,32767,03626,14511,-00019,00345,00025
Raw:-16768,12296,-14408,32767,17121,00739,-00019,00345,00028
Raw:-13080,04560,-12856,32767,22134,-12602,-00033,00365,00007
Raw:-07288,-01800,-11984,32767,14100,-20329,-00049,00423,-00046
Raw:-07856,-06296,-06384,32767,10847,-32768,-00077,00445,-00086
Raw:-06720,-16104,-05232,32767,21080,-32768,-00111,00463,-00163
Raw:-01184,-14368,-03840,32767,28261,-32768,-00124,00454,-00238
Raw:-01808,-12712,04728,32767,22560,-18268,-00131,00402,-00313
Raw:-00712,-07920,08368,32767,07573,-06818,-00107,00322,-00368
Raw:-00120,00032,11824,32767,19020,00283,-00109,00248,-00372
Raw:00056,-00312,14248,32767,15328,04053,-00090,00193,-00365
Raw:00736,01096,13928,32767,07055,10265,-00083,00141,-00330
Raw:00648,05032,13968,32767,01358,13887,-00082,00108,-00312
Raw:00696,05576,10032,29483,-06527,06677,-00083,00079,-00245
Raw:01216,08416,10952,32767,03889,10870,-00087,00063,-00225
Raw:02592,13872,07040,32767,02580,09456,-00096,00053,-00187
Raw:01192,14728,06808,19845,01598,05825,-00108,00045,-00138
Raw:01280,15352,07784,22048,05442,13449,-00113,00045,-00112
Raw:01800,17696,04952,08549,06434,16600,-00137,00040,-00090
Raw:03000,16024,04312,-01071,06376,10859,-00142,00048,-00081
Raw:03336,14584,07312,-09876,07151,08610,-00153,00052,-00075
Raw:01608,10648,10328,-15498,09304,10433,-00173,00045,-00083
Raw:01416,13024,11728,-19034,14874,03631,-00169,00032,-00108
Raw:03736,20384,10712,-07529,19152,03205,-00173,00045,-00126
Raw:00992,07320,14136,-00097,22240,07658,-00192,00048,-00135
Raw:-00472,13768,14456,-06705,23936,05250,-00182,00048,-00133
Raw:-02240,11480,11456,-32768,02945,-06302,-00186,00042,-00160
Raw:-03376,05824,08616,-32768,05465,-14108,-00175,00060,-00215
Raw:-08904,-06368,12768,-32768,07898,-15022,-00172,00086,-00299
Raw:-06520,-16912,06568,-15510,24035,-32768,-00142,00115,-00319
Raw:-20928,-02416,20888,-22254,32767,-32768,-00062,00141,-00323
Raw:-17176,06120,29888,-14884,13779,-32768,-00013,00202,-00289
Raw:-11912,-05528,18600,-03599,-32768,-14506,-00002,00221,-00285
Raw:-06936,-10320,10400,07593,-26446,-07596,-00026,00245,-00320
Raw:-06480,-13112,11256,05529,-06894,-12146,-00032,00257,-00324
Raw:-08016,-12792,14720,-02751,-00233,-23674,-00049,00259,-00333
Raw:-09424,-11056,16344,-02604,-02983,-19825,-00053,00281,-00338
Raw:-04888,-10288,17296,07925,-19798,-14172,-00054,00273,-00337
Raw:-02120,-10088,12744,20029,-32768,-15653,-00074,00280,-00365
Raw:01488,-09024,09448,20596,-32768,-21354,-00108,00281,-00366
Raw:04640,-06280,08336,17037,-28227,-26496,-00123,00267,-00397
Raw:06712,-03144,08168,12221,-21243,-28669,-00157,00260,-00386
Raw:08528,-00592,09232,14026,-17811,-24489,-00176,00238,-00394
Raw:08064,00688,09208,18136,-25632,-24722,-00176,00226,-00396
Raw:08400,01456,07832,18295,-32768,-22757,-00217,00208,-00386
Raw:10672,04448,02936,22132,-32768,-27866,-00234,00178,-00370
Raw:08776,03968,-01240,32767,-32768,-29810,-00255,00154,-00342
Raw:06328,06000,-03392,32767,-32768,-29881,-00265,00129,-00302
Raw:02768,07944,-08064,32767,-32768,-32768,-00258,00074,-00235
Raw:-02624,07848,-15128,32767,-32768,-32768,-00249,00048,-00173
Raw:-08184,08296,-26640,32767,-32768,-32768,-00219,00024,-00129
Raw:-11960,09896,-32768,32767,04958,-32768,-00151,00036,-00034
Raw:-08472,07976,-19008,24055,13160,-29530,-00131,00044,-00011
Raw:-13128,07368,-31264,12554,13612,-26419,-00105,00074,00016
Raw:-13944,02776,-25272,-07906,28327,-22571,-00095,00091,00044
Raw:-12032,04120,-23104,-23188,32767,-20506,-00087,00078,00038
Raw:-11016,08264,-16584,-10367,32767,-20743,-00099,00085,00048
Raw:-08680,06952,-12312,10417,32767,-23376,-00107,00089,00051
Raw:-05904,02376,-09440,06582,20321,-27688,-00138,00106,00082
Raw:01248,02344,-11520,06157,12550,-32768,-00109,00111,00089
Raw:04984,07296,-09024,-23434,21325,-28086,-00118,00132,00097
Raw:-03264,09816,-05424,-32768,26026,-19177,-00118,00127,00088
Raw:-01144,09944,-08680,-17204,31990,-30681,-00123,00093,00055
Raw:-00688,07552,-06952,03498,32767,-32768,-00115,00088,00053
Raw:-00360,13304,00824,-10893,32767,-32768,-00126,00106,00080
Raw:-08800,13408,03960,-08722,32767,-32768,-00148,00104,00075
Raw:-05832,10672,02648,09487,21315,-32768,-00153,00119,00087
Raw:-07904,16600,02464,19707,10016,-32768,-00151,00120,00086
Raw:-10808,16920,-00400,21624,-04098,-32768,-00133,00136,00092
Raw:-09768,17584,-03720,11080,-10015,-26384,-00109,00173,00115
Raw:-11000,17808,-03400,02866,-13989,-15350,-00088,00198,00103
Raw:-11424,16376,-05000,-10454,-13337,-03602,-00071,00203,00099
Raw:-11352,15016,-04920,-24079,-08822,02294,-00057,00188,00096
Raw:-11400,14656,-01968,-32768,-03163,05807,-00063,00172,00076
Raw:-10960,14912,-00224,-32768,-02804,09267,-00063,00147,00043
Raw:-11096,15592,01568,-32768,-04001,17997,-00068,00115,00024
Raw:-09128,06464,10792,-32583,-14711,18549,-00077,00075,-00050
Raw:-05496,14264,08008,-21881,01002,00792,-00086,00054,-00099
Raw:-05520,06352,04864,-32768,26296,-01273,-00089,00045,-00119
Raw:-09640,07136,14792,-32613,28142,-01232,-00088,00064,-00139
Raw:-10136,07848,14608,-32768,10756,03549,-00084,00073,-00159
Raw:-07672,01128,13264,-32768,05933,05095,-00094,00065,-00182
Raw:-08984,03632,14032,-29778,05232,-00228,-00093,00081,-00240
Raw:-09080,01144,09872,-28975,00814,01669,-00087,00098,-00251
Raw:-09096,-00744,12024,-32768,04523,-00743,-00086,00109,-00278
Raw:-09928,-04784,14888,-27056,09000,01351,-00077,00132,-00310
Raw:-09032,-08080,14448,-03844,-02217,-07188,-00076,00149,-00309
Raw:-09936,-05736,14224,12849,-01769,-14115,-00072,00152,-00324
Raw:-11768,-03328,14392,21927,-04253,-14186,-00082,00145,-00305
Raw:-11152,00056,04888,-11574,-04742,-04350,-00070,00142,-00296
Raw:-09424,-02968,12800,-00323,-02579,-12182,-00059,00149,-00323
Raw:-09280,-02288,12424,-00038,-04071,-12963,-00065,00157,-00310
Raw:-09008,-03488,14280,01983,-05687,-10869,-00056,00165,-00312
Raw:-07832,-02736,13344,03077,-09566,-09468,-00065,00162,-00314
Raw:-07384,-03176,14176,02988,-04571,-06111,-00054,00176,-00323
Raw:-06504,-04344,13728,00910,-02982,-02152,-00071,00159,-00332
Raw:-06440,-04648,15096,-00027,-02721,-01715,-00071,00176,-00325
Raw:-06328,-04672,13752,01452,-03060,-00574,-00064,00154,-00327
Raw:-06720,-04680,14712,00248,-00462,-01692,-00063,00162,-00319
Raw:-06512,-04760,14448,00414,-00430,-01923,-00068,00162,-00336
Raw:-06288,-03616,13536,00261,-01144,00757,-00072,00162,-00326
Raw:-06896,-04920,13944,-00535,-00769,-00231,-00080,00160,-00343
Raw:-06360,-04616,14504,-01300,-00007,-02068,-00056,00155,-00336
Raw:-06008,-03576,13528,01794,-02586,-01596,-00069,00163,-00327
Raw:-06176,-03568,14648,01461,-02606,02051,-00070,00167,-00326
Raw:-05592,-05032,14992,02138,-05374,01661,-00071,00159,-00330
Raw:-05072,-04544,14464,03143,-03577,-03193,-00065,00155,-00331
Raw:-05040,-03792,14952,06916,-00646,-05300,-00062,00156,-00335
Raw:-04400,-03296,15920,06518,-00897,-04342,-00065,00150,-00338
Raw:-04872,-02872,15032,02309,-01066,-01640,-00060,00157,-00326
Raw:-04640,-02944,14912,02104,-00461,-01561,-00070,00145,-00322
Raw:-05048,-03120,15384,00448,-00396,-00294,-00064,00146,-00320
Raw:-04792,-02704,14792,-00614,-00637,00087,-00054,00146,-00330
Raw:-04904,-03320,15168,00045,-01052,00898,-00065,00140,-00340
Raw:-04728,-02824,14520,-00525,00240,00499,-00053,00142,-00338
Raw:-04872,-03448,14456,00319,00460,00899,-00064,00159,-00335
Raw:-05232,-01160,14304,00808,00617,03781,-00060,00145,-00338
Raw:-03936,-02928,15160,01970,01023,06664,-00058,00140,-00319
Raw:-04544,-03536,14680,01341,00979,03271,-00070,00147,-00314
Raw:-05096,-02968,15872,01127,-00582,02604,-00064,00139,-00318
Raw:-05840,-02832,15176,-01519,-00370,00106,-00066,00136,-00318
Raw:-05000,-02504,15560,-02350,-01518,-03293,-00066,00144,-00332
Raw:-04504,-01880,15552,-02266,-05487,-01487,-00054,00149,-00327
