10:56:14.505 -> Raw:-07792,13832,11616,27578,09069,-12846,-00298,-00113,00291
10:56:14.544 -> Raw:-06976,13048,10408,03226,-01231,-04338,-00293,-00131,00289
10:56:14.582 -> Raw:-01848,06816,14896,19031,-14735,-16528,-00291,-00117,00290
10:56:14.582 -> Raw:08232,30192,07968,32767,-07845,-32186,-00285,-00131,00299
10:56:14.615 -> Raw:-05904,11032,06304,32767,20059,-32454,-00274,-00151,00319
10:56:14.650 -> Raw:-13584,04792,-01992,17384,32767,-18001,-00233,-00166,00347
10:56:14.684 -> Raw:-16816,07648,02896,-02872,-04401,-15915,-00213,-00162,00366
10:56:14.727 -> Raw:-12368,05904,03704,01072,-00947,-10131,-00197,-00157,00356
10:56:14.756 -> Raw:-13344,07552,03864,-04286,-10389,-11002,-00189,-00155,00348
10:56:14.789 -> Raw:-13928,10296,03224,-10062,-05849,-15660,-00186,-00150,00338
10:56:14.827 -> Raw:-14816,14568,03264,-24724,-09622,-30644,-00187,-00143,00324
10:56:14.866 -> Raw:-13024,09968,03832,-23969,-17347,-32768,-00160,-00111,00296
10:56:14.866 -> Raw:-10888,04624,03512,-09165,-25115,-32768,-00144,-00091,00263
10:56:14.903 -> Raw:-04944,-00040,08704,04948,-27396,-32768,-00160,-00056,00243
10:56:14.941 -> Raw:-05256,-01136,18000,24141,-23527,-32768,-00173,-00047,00244
10:56:14.974 -> Raw:-02648,-02192,24272,32767,-10236,-32768,-00173,-00050,00231
10:56:15.011 -> Raw:-11312,-03424,27112,32767,-04651,-26006,-00167,-00082,00249
10:56:15.049 -> Raw:-10096,-05528,27288,32767,06872,-19046,-00155,-00111,00273
10:56:15.049 -> Raw:-06952,-04136,22552,32767,19124,-20220,-00135,-00127,00313
10:56:15.087 -> Raw:-04632,-02440,18360,32767,25084,-19031,-00106,-00136,00357
10:56:15.125 -> Raw:-06536,00128,17496,32767,30466,-12888,-00095,-00141,00431
10:56:15.163 -> Raw:-11136,01872,15728,32767,32767,-09315,-00094,-00127,00476
10:56:15.201 -> Raw:-10880,-00040,15528,28498,32767,-07853,-00108,-00097,00539
10:56:15.239 -> Raw:-04880,06552,03400,27443,32767,-00479,-00129,-00090,00601
10:56:15.239 -> Raw:-05120,00640,03120,17526,32767,00020,-00139,-00071,00625
10:56:15.277 -> Raw:-06392,-02520,03952,-01115,32767,-00949,-00198,-00046,00645
10:56:15.311 -> Raw:-02840,04168,00760,-10530,32767,-03955,-00255,-00053,00671
10:56:15.349 -> Raw:01632,05848,-05728,-08150,32767,00223,-00316,-00052,00659
10:56:15.383 -> Raw:09784,11128,-06168,-08617,32767,00225,-00359,-00067,00649
10:56:15.421 -> Raw:12352,16352,-16224,-26018,32767,-04585,-00412,-00061,00617
10:56:15.459 -> Raw:10344,19480,-13256,-25933,32767,-12825,-00429,-00072,00580
10:56:15.459 -> Raw:11616,23480,-15368,-20132,32767,-19719,-00443,-00092,00560
10:56:15.492 -> Raw:13080,28144,-11136,03113,31323,-21433,-00446,-00115,00527
10:56:15.526 -> Raw:12032,26312,-09400,00424,21869,-27545,-00432,-00132,00532
10:56:15.564 -> Raw:14072,26664,-13096,01064,18538,-32768,-00432,-00155,00527
10:56:15.598 -> Raw:17744,23112,-12464,-03979,14254,-32768,-00398,-00173,00505
10:56:15.633 -> Raw:18680,23632,-13904,-09156,07648,-32768,-00348,-00202,00481
10:56:15.671 -> Raw:16048,22768,-13224,-05923,01878,-32768,-00289,-00222,00458
10:56:15.705 -> Raw:11448,22352,-10576,-01795,-04363,-32768,-00252,-00216,00441
10:56:15.705 -> Raw:06624,16896,-07816,02508,-10447,-32768,-00156,-00180,00410
10:56:15.743 -> Raw:01984,10904,-05680,09994,-11279,-32768,-00098,-00143,00390
10:56:15.776 -> Raw:00400,07344,-06376,16769,-16224,-32768,-00068,-00108,00383
10:56:15.814 -> Raw:-00608,02920,-02416,18678,-18730,-32768,-00033,-00061,00365
10:56:15.848 -> Raw:-01112,-01408,-01520,18438,-20912,-32768,-00041,-00011,00345
10:56:15.886 -> Raw:-01120,-05800,02248,12311,-22337,-32768,-00043,00035,00315
10:56:15.924 -> Raw:-01880,-06096,04528,16635,-20585,-32768,-00052,00071,00299
10:56:15.924 -> Raw:01408,-05368,05696,27356,-21915,-32768,-00094,00107,00269
10:56:15.958 -> Raw:07696,-08752,09112,32306,-23782,-32768,-00135,00117,00241
10:56:15.997 -> Raw:12184,-12792,14168,32767,-24848,-32768,-00162,00127,00226
10:56:16.034 -> Raw:13104,-13112,20368,32767,-17480,-32768,-00216,00102,00196
10:56:16.072 -> Raw:11776,-13776,26896,32767,-02184,-32768,-00245,00077,00180
10:56:16.109 -> Raw:09120,-15952,31416,32767,13985,-26412,-00247,00023,00189
10:56:16.142 -> Raw:10600,-12176,30072,32767,24707,-20113,-00244,-00008,00182
10:56:16.176 -> Raw:12784,-03936,31184,32767,27078,-20788,-00206,-00058,00205
10:56:16.176 -> Raw:09104,-03872,31064,32767,32484,-21063,-00170,-00095,00239
10:56:16.212 -> Raw:03744,-04312,31784,32767,32767,-13626,-00154,-00110,00264
10:56:16.249 -> Raw:03024,02416,25544,26520,32767,-08698,-00106,-00128,00327
10:56:16.288 -> Raw:02344,09744,20520,18522,32767,-10600,-00090,-00131,00380
10:56:16.325 -> Raw:00264,07584,22296,-01129,32767,-16419,-00063,-00121,00444
10:56:16.363 -> Raw:06336,01976,21008,-01738,32767,-12777,-00081,-00105,00496
10:56:16.363 -> Raw:10704,04168,09408,-03030,32767,-02266,-00120,-00101,00566
10:56:16.400 -> Raw:08624,09048,07216,-18635,32767,-02412,-00171,-00098,00620
10:56:16.439 -> Raw:12040,11032,-00312,-21253,32767,-02147,-00224,-00110,00634
10:56:16.477 -> Raw:09304,17616,-06176,-31065,32767,-04631,-00302,-00120,00631
10:56:16.512 -> Raw:08472,21616,-11808,-25492,32767,-11830,-00346,-00130,00601
10:56:16.550 -> Raw:10704,22200,-15080,-16674,32767,-15522,-00371,-00143,00574
10:56:16.550 -> Raw:07584,23640,-12016,-19707,32767,-28253,-00383,-00147,00550
10:56:16.583 -> Raw:06904,26984,-07616,-23420,32767,-32768,-00364,-00162,00517
10:56:16.617 -> Raw:06216,29800,-09304,-24676,32767,-32768,-00333,-00173,00485
10:56:16.655 -> Raw:07192,31584,-07080,-21265,29961,-32768,-00306,-00191,00474
10:56:16.689 -> Raw:08520,32767,-09072,-22583,23521,-32768,-00228,-00203,00444
10:56:16.727 -> Raw:04440,32336,-07856,-16855,17146,-32768,-00168,-00181,00434
10:56:16.765 -> Raw:01056,31696,-06872,-12165,16119,-32768,-00117,-00158,00408
10:56:16.798 -> Raw:-02696,26752,-06264,-03293,14916,-32768,-00043,-00090,00394
10:56:16.836 -> Raw:-04192,20648,-05312,00546,08856,-32768,-00016,00005,00407
10:56:16.836 -> Raw:-03480,11776,-03824,00841,15469,-32768,-00017,00073,00401
10:56:16.872 -> Raw:00520,05640,-05216,05151,20136,-32768,-00031,00123,00411
10:56:16.905 -> Raw:05880,01936,-08024,02650,17418,-32768,-00101,00191,00429
10:56:16.940 -> Raw:10024,-05136,-08504,03490,10719,-32768,-00178,00237,00422
10:56:16.978 -> Raw:11120,-07296,-04784,16947,12746,-32768,-00218,00240,00430
10:56:17.012 -> Raw:10368,-09624,-00680,26409,15193,-32768,-00290,00243,00413
10:56:17.050 -> Raw:10552,-12920,05136,20018,19420,-32768,-00323,00241,00390
10:56:17.050 -> Raw:15816,-17088,01096,20248,24214,-27026,-00359,00215,00356
10:56:17.088 -> Raw:17448,-13000,-01872,20267,19140,-20858,-00385,00203,00345
10:56:17.122 -> Raw:17104,-10400,01616,23958,16040,-18326,-00393,00181,00329
10:56:17.160 -> Raw:15832,-12576,07872,28262,27762,-14132,-00390,00168,00286
10:56:17.194 -> Raw:17904,-12400,11856,32767,32767,-08020,-00383,00152,00280
10:56:17.232 -> Raw:18088,-10304,14008,32767,32767,-07850,-00362,00122,00226
10:56:17.270 -> Raw:16304,-10064,19504,32767,32767,-10341,-00313,00070,00191
10:56:17.303 -> Raw:14616,-09832,24904,32767,32767,-11841,-00258,00016,00179
10:56:17.303 -> Raw:12872,-09784,26448,32767,32767,-08974,-00227,-00017,00188
10:56:17.341 -> Raw:08912,-04440,24960,32767,32767,-05015,-00145,-00060,00211
10:56:17.379 -> Raw:05768,01000,22776,32767,32767,-04095,-00108,-00090,00285
10:56:17.417 -> Raw:02024,01544,21864,25800,32767,-03055,-00083,-00105,00323
10:56:17.456 -> Raw:-02544,03440,19888,17679,32767,-00198,-00068,-00113,00383
10:56:17.494 -> Raw:-04032,06152,15048,12751,32767,-02379,-00067,-00105,00455
10:56:17.494 -> Raw:-05328,06336,13520,04690,32767,-04526,-00085,-00103,00505
10:56:17.527 -> Raw:-03144,06312,09936,01790,32767,-00816,-00091,-00090,00539
10:56:17.565 -> Raw:-04280,09248,07320,-02612,32767,-01055,-00154,-00097,00598
10:56:17.603 -> Raw:01792,09840,04096,-11253,32767,-00580,-00189,-00102,00636
10:56:17.637 -> Raw:03816,14800,-00896,-17720,32767,-04421,-00227,-00100,00641
10:56:17.675 -> Raw:06848,14904,-07064,-28979,32767,-10747,-00313,-00112,00634
10:56:17.713 -> Raw:04816,16808,-07864,-32768,32767,-14547,-00347,-00130,00611
10:56:17.713 -> Raw:05488,18584,-10160,-29416,32767,-14195,-00362,-00145,00552
10:56:17.864 -> Raw:02888,22656,-06888,-19644,32767,-24197,-00362,-00167,00504
10:56:17.864 -> Raw:02696,25792,-05136,-16549,30015,-30751,-00337,-00172,00491
10:56:17.864 -> Raw:03256,32664,-06592,-23860,27015,-32768,-00318,-00182,00481
10:56:17.901 -> Raw:04144,32767,-05616,-21613,28613,-32768,-00264,-00190,00450
10:56:17.901 -> Raw:01328,32767,-06704,-19960,27667,-32768,-00193,-00188,00416
10:56:17.934 -> Raw:-01032,27312,-05312,-15336,29362,-32768,-00097,-00147,00397
10:56:17.967 -> Raw:-00680,21448,-07352,-12762,30085,-32768,-00051,-00102,00389
10:56:18.001 -> Raw:-01456,13496,-10424,-07579,26593,-32768,-00016,-00007,00415
10:56:18.035 -> Raw:-01960,07984,-10624,-09250,23159,-32768,-00018,00065,00430
10:56:18.073 -> Raw:00240,00888,-10496,-08177,23826,-32768,-00027,00100,00448
10:56:18.106 -> Raw:02248,01512,-12592,-12754,21517,-32768,-00071,00171,00474
10:56:18.144 -> Raw:03672,-00008,-16040,-09750,16309,-32768,-00131,00203,00503
10:56:18.182 -> Raw:04216,-02728,-15120,06399,16879,-32768,-00170,00212,00519
10:56:18.182 -> Raw:05144,-03312,-13888,20673,13720,-32594,-00213,00227,00514
10:56:18.220 -> Raw:06128,-04136,-11152,32767,09611,-28769,-00260,00238,00495
10:56:18.258 -> Raw:06480,-05928,-05624,32767,08376,-27573,-00283,00247,00458
10:56:18.296 -> Raw:10216,-04416,-03192,32767,02770,-32768,-00305,00240,00420
10:56:18.334 -> Raw:13720,-06568,01160,32767,00411,-32768,-00359,00225,00382
10:56:18.372 -> Raw:13680,-10912,08392,32767,06740,-32768,-00379,00183,00340
10:56:18.372 -> Raw:14536,-22192,12704,32767,11825,-28677,-00397,00147,00313
10:56:18.410 -> Raw:12664,-24800,14264,25156,18564,-15634,-00412,00126,00278
10:56:18.448 -> Raw:13704,-14248,16424,20241,30441,-03575,-00404,00098,00266
10:56:18.483 -> Raw:13880,-06512,16752,23855,32767,-06981,-00379,00078,00235
10:56:18.516 -> Raw:15216,-05624,18176,32767,32767,-09648,-00367,00077,00224
10:56:18.549 -> Raw:15776,-07136,22192,32767,32767,-12080,-00294,00027,00193
10:56:18.583 -> Raw:13888,-09320,23280,32767,32767,-15210,-00240,-00017,00185
10:56:18.621 -> Raw:10680,-07432,22376,26649,32767,-16664,-00183,-00040,00206
10:56:18.621 -> Raw:07392,-04848,21480,23782,32767,-10056,-00148,-00057,00236
10:56:18.655 -> Raw:03720,-02032,20840,24746,32767,-01159,-00108,-00070,00264
10:56:18.688 -> Raw:-01544,-00312,21016,19150,32767,00811,-00075,-00090,00326
10:56:18.726 -> Raw:-04336,01168,18864,07305,32767,-04451,-00064,-00085,00348
10:56:18.760 -> Raw:-04304,-00216,16840,00548,32767,-04949,-00050,-00086,00403
10:56:18.794 -> Raw:-05096,-00968,13128,-00821,32767,02692,-00055,-00086,00444
10:56:18.827 -> Raw:-06392,02016,10000,-04273,32767,07615,-00070,-00087,00496
10:56:18.865 -> Raw:-05912,03496,07336,-08467,32767,11245,-00091,-00092,00542
10:56:18.903 -> Raw:-05112,06336,07544,-16546,32767,11491,-00135,-00102,00583
10:56:18.903 -> Raw:-01488,10576,04840,-22404,32767,09800,-00179,-00133,00592
10:56:18.939 -> Raw:00464,12728,00472,-26995,32767,06508,-00225,-00133,00604
10:56:18.977 -> Raw:02080,15328,-03744,-32768,32767,03080,-00273,-00147,00595
10:56:19.015 -> Raw:01432,18216,-04024,-32768,32767,-03293,-00306,-00163,00559
10:56:19.053 -> Raw:03400,23056,-09832,-32768,32767,-07859,-00317,-00178,00528
10:56:19.091 -> Raw:03032,30576,-10880,-32768,32767,-20852,-00323,-00186,00505
10:56:19.091 -> Raw:00200,32512,-09336,-32768,31513,-32768,-00306,-00186,00467
10:56:19.129 -> Raw:00632,31120,-08784,-27105,27420,-32768,-00267,-00190,00430
10:56:19.167 -> Raw:02152,29536,-11400,-22342,22251,-32768,-00228,-00183,00403
10:56:19.205 -> Raw:-00640,26832,-11680,-17614,13476,-32768,-00152,-00166,00378
10:56:19.243 -> Raw:-03848,22320,-09600,-10173,07510,-32768,-00100,-00132,00361
10:56:19.243 -> Raw:-06648,15328,-07488,-04646,06029,-32768,-00067,-00087,00351
10:56:19.277 -> Raw:-06600,09968,-07256,-06437,02531,-32768,-00032,-00042,00348
10:56:19.315 -> Raw:-05088,03144,-06864,-04045,03426,-32768,-00031,00023,00340
10:56:19.353 -> Raw:-03608,-03360,-04496,-02132,03865,-32768,-00040,00087,00336
10:56:19.391 -> Raw:-02568,-07856,-01768,-09030,04070,-32768,-00075,00145,00336
10:56:19.429 -> Raw:-01400,-10272,-01688,-06021,11894,-32768,-00129,00200,00343
10:56:19.462 -> Raw:03168,-09336,-02960,-06931,15129,-32768,-00186,00220,00359
10:56:19.462 -> Raw:10808,-13264,-04368,-13904,15120,-32768,-00218,00237,00371
10:56:19.500 -> Raw:12800,-14728,-06744,-12851,13213,-32768,-00293,00231,00411
10:56:19.537 -> Raw:12504,-13192,-03984,00416,18664,-32768,-00339,00226,00411
10:56:19.575 -> Raw:13272,-12688,-01592,06177,22140,-22856,-00377,00213,00406
10:56:19.615 -> Raw:14704,-11664,-00080,04680,24149,-18474,-00391,00215,00389
10:56:19.652 -> Raw:16200,-10272,01328,07593,25799,-12799,-00404,00201,00370
10:56:19.652 -> Raw:17304,-12112,05176,18811,32767,00768,-00405,00190,00346
10:56:19.689 -> Raw:19056,-14696,08432,32767,32767,13190,-00394,00190,00331
10:56:19.723 -> Raw:20392,-16368,10696,32767,32767,15817,-00347,00186,00250
10:56:19.761 -> Raw:17880,-15920,14696,32767,32767,13062,-00295,00161,00217
10:56:19.799 -> Raw:16168,-14952,17488,32767,32767,10593,-00244,00126,00197
10:56:19.837 -> Raw:12672,-15896,19224,32411,32767,14383,-00182,00101,00192
10:56:19.837 -> Raw:09864,-13456,18960,29036,32767,18817,-00120,00066,00210
10:56:19.871 -> Raw:04952,-08256,19600,22521,32767,18426,-00066,00016,00250
10:56:19.909 -> Raw:02320,-07544,20488,09721,32767,13177,-00062,-00000,00285
10:56:19.942 -> Raw:-00992,-07768,19376,03259,32767,16300,-00036,-00021,00332
10:56:19.976 -> Raw:-01944,-03768,17016,-02264,32767,18721,-00032,-00035,00369
10:56:20.014 -> Raw:-04904,-01064,15568,-09083,32767,21043,-00035,-00057,00412
10:56:20.051 -> Raw:-07472,00336,15224,-11604,32767,19885,-00044,-00073,00439
10:56:20.089 -> Raw:-04456,03608,10968,-07399,32767,20570,-00062,-00095,00481
10:56:20.089 -> Raw:-03448,05184,08968,-08632,32767,20289,-00089,-00110,00524
10:56:20.127 -> Raw:-04160,06992,04840,-11553,32767,16378,-00125,-00126,00559
10:56:20.165 -> Raw:-01208,06880,00216,-08044,32767,14864,-00168,-00136,00584
10:56:20.203 -> Raw:01232,08528,-03016,-15390,32767,15133,-00233,-00148,00599
10:56:20.241 -> Raw:02560,12032,-03784,-25431,32767,12188,-00264,-00150,00606
10:56:20.241 -> Raw:03800,15976,-10440,-26237,32767,08571,-00313,-00162,00585
10:56:20.279 -> Raw:01840,17176,-09320,-19589,32767,03541,-00339,-00163,00564
10:56:20.317 -> Raw:04720,18848,-04856,-19960,32767,-03176,-00351,-00172,00542
10:56:20.356 -> Raw:07064,21656,-09544,-22900,32767,-11824,-00359,-00175,00522
10:56:20.394 -> Raw:05664,22744,-05728,-15465,32767,-11556,-00368,-00183,00492
10:56:20.431 -> Raw:06128,28512,-02664,-17764,32767,-24301,-00362,-00192,00483
10:56:20.431 -> Raw:08456,30832,-03840,-15401,32767,-32768,-00350,-00211,00452
10:56:20.469 -> Raw:08744,31488,-04912,-12359,31191,-32768,-00285,-00226,00418
10:56:20.507 -> Raw:07248,31976,-05088,-08562,25083,-32768,-00227,-00247,00397
10:56:20.544 -> Raw:03144,30328,-02896,-05074,22433,-32768,-00170,-00217,00382
10:56:20.583 -> Raw:01504,25208,-02968,-01575,24484,-32768,-00100,-00170,00392
10:56:20.621 -> Raw:-00840,20024,-04480,03324,22890,-32768,-00052,-00131,00385
10:56:20.621 -> Raw:-04424,15512,-03176,06029,21467,-32768,-00010,-00052,00407
10:56:20.659 -> Raw:-05008,09096,-03400,02524,26266,-32768,-00000,-00015,00420
10:56:20.697 -> Raw:-03976,04376,-04560,-01985,29653,-32768,00004,00058,00452
10:56:20.735 -> Raw:-02384,01056,-07656,-04399,32767,-32768,-00027,00112,00483
10:56:20.773 -> Raw:-01224,-02296,-09864,-04491,32767,-32768,-00070,00135,00504
10:56:20.811 -> Raw:01288,-05792,-10960,-02645,32767,-28760,-00093,00173,00538
10:56:20.811 -> Raw:04104,-07040,-13968,-00006,29267,-17186,-00144,00191,00548
10:56:20.849 -> Raw:03464,-05912,-13104,04529,24670,-07172,-00179,00191,00566
10:56:20.885 -> Raw:02272,-01160,-14768,10169,22647,-06004,-00189,00200,00583
10:56:20.921 -> Raw:02256,01992,-14704,21862,24056,-13029,-00227,00205,00560
10:56:20.956 -> Raw:05120,-04432,-06848,28402,24524,-21233,-00255,00211,00541
10:56:20.994 -> Raw:09032,-07632,-05448,31267,28469,-24939,-00277,00236,00513
10:56:20.994 -> Raw:14368,-08304,-08208,32767,26660,-28805,-00314,00241,00485
10:56:21.027 -> Raw:16352,-14536,-03672,32767,17727,-21550,-00341,00228,00449
10:56:21.065 -> Raw:15328,-19536,01368,25424,13871,-11142,-00359,00230,00415
10:56:21.103 -> Raw:13576,-17784,02824,30460,19271,03406,-00377,00226,00390
10:56:21.141 -> Raw:12904,-13448,06400,32767,27379,11478,-00359,00225,00343
10:56:21.179 -> Raw:13424,-13592,08864,32767,32767,13699,-00337,00205,00290
10:56:21.179 -> Raw:13176,-14840,13200,32767,32767,11029,-00310,00185,00249
10:56:21.213 -> Raw:13232,-15824,17480,32767,32767,09489,-00268,00156,00210
10:56:21.251 -> Raw:12984,-12680,17480,32767,32767,09411,-00229,00115,00196
10:56:21.289 -> Raw:10416,-11448,17576,32767,32767,05970,-00191,00080,00196
10:56:21.322 -> Raw:07784,-10896,19256,32767,32767,04478,-00148,00040,00203
10:56:21.356 -> Raw:04744,-07544,20872,29383,32767,05067,-00110,00012,00221
10:56:21.389 -> Raw:01152,-06320,21592,20991,32767,06109,-00067,-00022,00277
10:56:21.422 -> Raw:-02376,-03552,21272,17994,32767,07630,-00051,-00042,00315
10:56:21.460 -> Raw:-03320,-01616,19856,11788,32767,08978,-00052,-00061,00347
10:56:21.498 -> Raw:-05840,00304,17864,04436,32767,11416,-00028,-00068,00401
10:56:21.498 -> Raw:-06984,02680,16432,01151,32767,13231,-00043,-00085,00440
10:56:21.532 -> Raw:-03944,04792,10272,00829,32767,13367,-00064,-00090,00494
10:56:21.570 -> Raw:-04264,05024,07176,-03026,32767,12744,-00104,-00103,00556
10:56:21.608 -> Raw:-04296,07576,03568,-13084,32767,10275,-00136,-00108,00589
10:56:21.642 -> Raw:-04920,10024,03400,-09522,32767,09169,-00186,-00125,00606
10:56:21.675 -> Raw:-03064,10360,-01504,-13254,32767,03790,-00221,-00125,00621
10:56:21.713 -> Raw:-02496,11912,-00760,-21632,32767,-00301,-00268,-00126,00622
10:56:21.751 -> Raw:-00296,13560,-03528,-17454,32767,-00279,-00294,-00145,00611
10:56:21.751 -> Raw:02168,16216,-10720,-20955,32767,-04963,-00327,-00150,00595
10:56:21.789 -> Raw:02976,18304,-08784,-20576,32767,-12561,-00339,-00148,00581
10:56:21.827 -> Raw:04560,21008,-09680,-19607,32767,-20289,-00347,-00173,00546
10:56:21.865 -> Raw:05416,22024,-12184,-20721,32767,-26179,-00339,-00176,00520
10:56:21.903 -> Raw:02960,25208,-10736,-18547,28207,-31057,-00325,-00191,00503
10:56:21.903 -> Raw:02304,25656,-10256,-16546,26999,-32768,-00309,-00203,00492
10:56:21.938 -> Raw:01368,24264,-10568,-15197,26220,-32768,-00256,-00207,00463
10:56:21.977 -> Raw:-01056,22200,-09520,-11488,23300,-32768,-00216,-00200,00450
10:56:22.015 -> Raw:-04184,22392,-08000,-13302,22738,-32768,-00175,-00202,00450
10:56:22.051 -> Raw:-06752,20360,-05872,-15573,26273,-32768,-00089,-00155,00432
10:56:22.089 -> Raw:-05960,18840,-04680,-18346,32283,-32768,-00044,-00096,00431
10:56:22.089 -> Raw:-02136,14832,-07744,-24020,32767,-32768,-00008,-00037,00443
10:56:22.123 -> Raw:-00624,11672,-12368,-21609,32767,-32768,-00008,00010,00468
10:56:22.157 -> Raw:-01464,06872,-13208,-16640,28086,-32768,-00039,00091,00515
10:56:22.195 -> Raw:-02176,02504,-13880,-11534,21945,-32768,-00064,00127,00534
10:56:22.233 -> Raw:-02656,02208,-15696,-09739,14415,-24378,-00082,00143,00559
10:56:22.271 -> Raw:-04120,03888,-15864,-06686,11318,-19736,-00113,00157,00585
10:56:22.305 -> Raw:-06472,00344,-13536,11588,15585,-13840,-00140,00157,00580
10:56:22.339 -> Raw:-07576,-00424,-10952,27582,20366,-09492,-00170,00185,00580
10:56:22.339 -> Raw:-04768,01456,-08768,32767,23666,-16265,-00179,00203,00559
10:56:22.373 -> Raw:01408,-00792,-02800,32767,26441,-29987,-00228,00233,00533
10:56:22.411 -> Raw:07024,-08936,01384,31914,27955,-32768,-00262,00242,00501
10:56:22.445 -> Raw:12304,-12536,-04568,23807,26529,-32768,-00290,00251,00467
10:56:22.483 -> Raw:14784,-15280,-06064,24170,23261,-20166,-00354,00240,00438
10:56:22.521 -> Raw:14088,-12064,-01712,18099,18419,-15775,-00368,00231,00398
10:56:22.554 -> Raw:14976,-13320,-00776,14505,16976,-15841,-00386,00227,00371
10:56:22.588 -> Raw:14808,-12736,02456,25355,23173,-03365,-00394,00220,00361
10:56:22.588 -> Raw:13320,-10344,07792,32767,32767,04672,-00375,00197,00320
10:56:22.626 -> Raw:14408,-14840,14712,32767,32767,05695,-00351,00180,00269
10:56:22.667 -> Raw:15584,-16984,16256,32767,32767,09636,-00327,00172,00239
10:56:22.704 -> Raw:15216,-12728,17728,32767,32767,07047,-00270,00130,00191
10:56:22.738 -> Raw:14312,-13704,20672,32767,32767,-01396,-00208,00082,00180
10:56:22.776 -> Raw:11832,-11824,21208,32767,32767,01055,-00174,00051,00182
10:56:22.776 -> Raw:09176,-08488,21952,28541,32767,01371,-00110,00032,00206
10:56:22.814 -> Raw:03664,-06264,23616,22254,32767,02912,-00067,-00007,00249
10:56:22.852 -> Raw:-01232,-04944,22568,18897,32767,05163,-00055,-00021,00291
10:56:22.890 -> Raw:-02752,-03664,21912,12942,32767,06590,-00043,-00030,00326
10:56:22.928 -> Raw:-03760,-02832,19272,06907,32767,08122,-00022,-00041,00373
10:56:22.963 -> Raw:-02944,-01896,14808,-01119,32767,10431,-00028,-00056,00452
10:56:22.963 -> Raw:-03368,00392,11536,-04153,32767,12534,-00045,-00065,00501
10:56:22.996 -> Raw:-03600,03120,06208,-10694,32767,12772,-00077,-00073,00564
10:56:23.034 -> Raw:-04832,08432,05880,-19190,32767,11215,-00132,-00095,00606
10:56:23.072 -> Raw:-04392,11248,02456,-17795,32767,09066,-00185,-00118,00612
10:56:23.110 -> Raw:-01208,11408,-01248,-15410,32767,06660,-00232,-00115,00629
10:56:23.148 -> Raw:00088,13360,-03488,-24827,32767,03004,-00278,-00130,00629
10:56:23.186 -> Raw:00592,16120,-05320,-24721,32767,01396,-00317,-00141,00607
10:56:23.186 -> Raw:02024,19376,-09384,-21442,32767,-06345,-00336,-00151,00584
10:56:23.224 -> Raw:03304,19448,-10272,-20096,32767,-15347,-00355,-00153,00561
10:56:23.263 -> Raw:04432,16624,-06928,-21252,32767,-20002,-00354,-00162,00555
10:56:23.301 -> Raw:05848,20744,-08808,-20944,32767,-19688,-00344,-00183,00513
10:56:23.339 -> Raw:03872,24264,-08992,-20079,28451,-25600,-00331,-00193,00495
10:56:23.339 -> Raw:02064,25136,-05296,-20321,28168,-32768,-00308,-00205,00478
10:56:23.377 -> Raw:02360,26992,-06784,-18561,26925,-32768,-00282,-00213,00459
10:56:23.411 -> Raw:00952,26776,-07656,-19629,27790,-32768,-00233,-00216,00436
10:56:23.449 -> Raw:-00880,23880,-07680,-14771,24668,-32768,-00175,-00197,00404
10:56:23.487 -> Raw:-04336,22312,-06296,-11649,23231,-32768,-00137,-00182,00404
10:56:23.525 -> Raw:-06144,20144,-05232,-09736,24477,-32768,-00075,-00142,00397
10:56:23.563 -> Raw:-07096,19856,-06360,-08209,25154,-32768,-00022,-00091,00411
10:56:23.563 -> Raw:-08080,15464,-04264,-06845,28605,-32768,-00000,-00030,00430
10:56:23.597 -> Raw:-07768,12912,-04240,-08159,32318,-32768,-00004,00006,00434
10:56:23.630 -> Raw:-04464,10472,-05968,-09709,32767,-32768,-00008,00077,00481
10:56:23.668 -> Raw:00600,06968,-11000,-07860,32767,-32768,-00056,00125,00524
10:56:23.706 -> Raw:04728,01560,-15784,-01411,32767,-32768,-00095,00158,00551
10:56:23.744 -> Raw:03424,-03632,-15096,09061,22537,-28323,-00164,00182,00567
10:56:23.744 -> Raw:02648,-04856,-12672,18282,20810,-16612,-00204,00206,00564
10:56:23.778 -> Raw:02112,-04464,-10360,25522,21223,-14582,-00231,00216,00548
10:56:23.816 -> Raw:04696,-04928,-07856,28226,22396,-19518,-00243,00235,00539
10:56:23.855 -> Raw:07616,-05208,-06704,29984,23352,-24490,-00291,00240,00496
10:56:23.888 -> Raw:09384,-06480,-03632,32767,20330,-28347,-00317,00243,00467
10:56:23.926 -> Raw:10400,-07440,01448,32767,21005,-30294,-00336,00248,00446
10:56:23.959 -> Raw:14344,-12160,01408,26203,24057,-29160,-00374,00221,00398
10:56:23.997 -> Raw:18032,-13024,00512,25596,20547,-19137,-00398,00211,00365
10:56:23.997 -> Raw:15176,-12520,06984,31049,25367,-07138,-00402,00192,00328
10:56:24.035 -> Raw:14288,-14912,13424,28128,32767,-02028,-00408,00180,00313
10:56:24.069 -> Raw:15800,-18072,17552,24372,32767,06035,-00381,00155,00254
10:56:24.103 -> Raw:18080,-16936,17336,21683,32767,13256,-00339,00146,00222
10:56:24.141 -> Raw:18560,-13152,20392,25633,32767,15347,-00302,00142,00206
10:56:24.179 -> Raw:19088,-14024,20200,32767,32767,13017,-00214,00111,00184
10:56:24.212 -> Raw:14056,-14032,22392,31891,32767,11913,-00159,00082,00191
10:56:24.250 -> Raw:08912,-13136,24296,26692,32767,15002,-00108,00045,00219
10:56:24.250 -> Raw:07240,-12104,21872,13881,32767,14676,-00056,00017,00259
10:56:24.288 -> Raw:02456,-08768,19112,06760,32767,20616,-00027,-00017,00320
10:56:24.322 -> Raw:-02536,-05688,17928,02026,32767,19073,-00029,-00035,00379
10:56:24.360 -> Raw:-02800,-05184,18288,-07152,32767,20472,-00027,-00052,00425
10:56:24.398 -> Raw:00456,-01088,14392,-05211,32767,25887,-00039,-00068,00469
10:56:24.436 -> Raw:-01256,04488,04480,-06184,32767,25049,-00077,-00103,00520
10:56:24.436 -> Raw:-05200,08528,01936,-12485,32767,14578,-00120,-00113,00566
10:56:24.474 -> Raw:-05824,09048,01856,-12248,32767,09698,-00152,-00118,00581
10:56:24.512 -> Raw:-05176,08544,01248,-15826,32767,07486,-00204,-00141,00607
10:56:24.547 -> Raw:-02472,09816,00856,-17999,32767,10649,-00247,-00141,00607
10:56:24.585 -> Raw:01520,13632,-02128,-18017,32767,10832,-00291,-00155,00603
10:56:24.623 -> Raw:02976,18744,-07568,-23194,32767,00860,-00323,-00153,00587
10:56:24.623 -> Raw:03416,20040,-08200,-20231,32767,-10491,-00337,-00167,00570
10:56:24.656 -> Raw:06664,17624,-07816,-17873,32767,-18068,-00340,-00175,00547
10:56:24.690 -> Raw:07272,17248,-09224,-16403,32767,-14633,-00350,-00183,00528
10:56:24.723 -> Raw:03712,20568,-08032,-16545,30528,-16578,-00340,-00197,00504
10:56:24.757 -> Raw:03536,23768,-05712,-15074,30694,-20368,-00335,-00212,00491
10:56:24.790 -> Raw:03104,25888,-04544,-17767,28913,-29335,-00323,-00213,00472
10:56:24.828 -> Raw:05648,28576,-06160,-18311,29074,-32768,-00293,-00238,00444
10:56:24.862 -> Raw:05808,30024,-07736,-16417,25682,-32768,-00264,-00240,00430
10:56:24.900 -> Raw:05480,30616,-06864,-12507,23314,-32768,-00185,-00228,00390
10:56:24.939 -> Raw:02072,28608,-06880,-05435,20045,-32768,-00131,-00206,00383
10:56:24.939 -> Raw:-01664,24848,-04128,01943,17058,-32768,-00093,-00188,00388
10:56:24.974 -> Raw:-05776,22544,00032,03925,20810,-32768,-00029,-00117,00397
10:56:25.012 -> Raw:-05976,17592,-01464,07107,28247,-32768,-00002,-00065,00404
10:56:25.045 -> Raw:-04920,11848,-03704,10080,31554,-32768,-00001,-00016,00434
10:56:25.079 -> Raw:-02776,04088,-04984,11973,32767,-32768,-00004,00011,00457
10:56:25.117 -> Raw:-00576,-00184,-07096,12678,31791,-30769,-00028,00068,00508
10:56:25.155 -> Raw:00776,-01160,-08488,11891,29716,-26137,-00044,00096,00528
10:56:25.155 -> Raw:03616,-01312,-11728,11651,27467,-25245,-00054,00117,00529
10:56:25.193 -> Raw:04528,00784,-13960,10524,19721,-28322,-00098,00156,00551
10:56:25.231 -> Raw:04992,-00448,-13360,11851,13646,-32768,-00136,00178,00559
10:56:25.269 -> Raw:05120,-01688,-12352,22708,14109,-32768,-00174,00203,00551
10:56:25.307 -> Raw:07632,-04640,-09504,29893,13936,-32768,-00195,00228,00546
10:56:25.341 -> Raw:08688,-09648,-04352,32767,12454,-32768,-00254,00237,00504
10:56:25.341 -> Raw:07624,-16128,02808,32767,20946,-23333,-00293,00253,00472
10:56:25.379 -> Raw:07304,-17256,06552,28938,26643,-21892,-00312,00246,00436
10:56:25.414 -> Raw:12440,-18688,-00176,21674,24063,-17665,-00336,00238,00413
10:56:25.452 -> Raw:12904,-16024,05088,28754,26081,-05666,-00352,00238,00375
10:56:25.485 -> Raw:14392,-18872,10200,27671,32311,-00710,-00351,00220,00328
10:56:25.519 -> Raw:16976,-23520,12192,29125,32767,12932,-00343,00202,00308
10:56:25.553 -> Raw:17632,-21560,13168,31153,32767,22447,-00298,00206,00255
10:56:25.587 -> Raw:16176,-19424,15032,32767,32767,24156,-00244,00188,00230
10:56:25.620 -> Raw:15136,-19704,16784,32767,32767,24580,-00201,00153,00222
10:56:25.620 -> Raw:11624,-20376,18624,32767,32767,25844,-00144,00121,00220
10:56:25.659 -> Raw:07056,-15720,17272,30905,32767,26248,-00097,00072,00247
10:56:25.697 -> Raw:03424,-12104,16544,20858,32767,18959,-00058,00021,00281
10:56:25.730 -> Raw:00448,-09928,15576,17300,32767,22697,-00047,-00003,00296
10:56:25.763 -> Raw:-04176,-07160,16936,14025,32767,23593,-00032,-00032,00359
10:56:25.797 -> Raw:-05472,-06144,16344,10537,32767,21859,-00025,-00058,00408
10:56:25.835 -> Raw:-05768,-04168,13136,03748,32767,22344,-00041,-00078,00449
10:56:25.869 -> Raw:-05600,-00896,10432,-04409,32767,22200,-00072,-00100,00491
10:56:25.907 -> Raw:-04008,02112,05376,-15891,32767,22588,-00101,-00106,00525
10:56:25.907 -> Raw:-05152,05480,03528,-19073,32767,23323,-00127,-00122,00557
10:56:25.941 -> Raw:-04736,07552,03856,-13723,32767,22201,-00177,-00146,00566
10:56:25.975 -> Raw:-00648,09032,-02072,-16125,32767,22240,-00225,-00158,00571
10:56:26.014 -> Raw:-01280,13072,-04648,-22681,32767,18098,-00270,-00167,00573
10:56:26.052 -> Raw:-00280,16040,-04928,-20255,32767,15712,-00304,-00176,00564
10:56:26.090 -> Raw:00488,21232,-04528,-19152,32767,06087,-00323,-00173,00548
10:56:26.123 -> Raw:01136,20176,-03776,-20310,32767,-06915,-00339,-00171,00520
10:56:26.123 -> Raw:01968,20960,-01992,-21607,32767,-08566,-00339,-00181,00505
10:56:26.161 -> Raw:01056,23304,02064,-23817,32767,-17979,-00339,-00181,00477
10:56:26.199 -> Raw:02144,25408,00488,-28756,32767,-26969,-00302,-00200,00450
10:56:26.232 -> Raw:00632,29888,01064,-32517,32767,-32768,-00285,-00203,00421
10:56:26.266 -> Raw:-02448,30824,01712,-32186,32767,-32768,-00227,-00207,00392
10:56:26.299 -> Raw:-03968,28736,-00096,-32517,32767,-32768,-00167,-00197,00359
10:56:26.337 -> Raw:-06568,24672,-01752,-30875,32767,-32768,-00125,-00173,00345
10:56:26.375 -> Raw:-07784,20840,-04576,-28500,32767,-32768,-00052,-00103,00332
10:56:26.375 -> Raw:-09136,18072,-06968,-24581,28720,-32768,-00012,-00051,00345
10:56:26.413 -> Raw:-11656,14448,-05624,-22476,25621,-32768,-00001,-00008,00360
10:56:26.451 -> Raw:-13160,09672,-03264,-20569,30211,-32768,00008,00057,00397
10:56:26.489 -> Raw:-12120,10448,-02304,-24437,32767,-32768,-00000,00100,00443
10:56:26.528 -> Raw:-08544,09904,-07112,-27126,32767,-32768,-00050,00138,00492
10:56:26.528 -> Raw:-04760,04920,-12032,-22836,32767,-32768,-00068,00158,00523
10:56:26.563 -> Raw:-03744,03120,-17352,-12852,26120,-27780,-00136,00171,00569
10:56:26.601 -> Raw:-07088,03000,-15736,01730,18517,-17498,-00174,00176,00597
10:56:26.639 -> Raw:-11080,02936,-12064,21595,17179,-14051,-00204,00178,00599
10:56:26.677 -> Raw:-10832,-00480,-04576,32767,22628,-14219,-00221,00207,00585
10:56:26.710 -> Raw:-05840,-09056,06504,32767,32767,-17460,-00266,00233,00533
10:56:26.748 -> Raw:01720,-08680,01216,15174,32767,-25307,-00293,00241,00505
10:56:26.748 -> Raw:18120,-09792,-01072,11806,32767,-32768,-00313,00242,00486
10:56:26.787 -> Raw:15440,-13416,-06672,21099,32214,-22460,-00375,00222,00463
10:56:26.825 -> Raw:13808,-14448,-00320,15042,27164,-15401,-00390,00218,00439
10:56:26.858 -> Raw:17744,-13816,-02544,06073,23089,-09081,-00404,00201,00416
10:56:26.892 -> Raw:17632,-12400,-02416,12389,24800,01962,-00406,00193,00401
10:56:26.931 -> Raw:17208,-09816,00912,24189,32767,07521,-00408,00202,00382
10:56:26.969 -> Raw:17528,-09552,04568,32767,32767,07805,-00385,00198,00319
10:56:26.969 -> Raw:17264,-10552,10632,32767,32767,06270,-00368,00193,00268
10:56:27.002 -> Raw:16472,-15176,13688,32767,32767,01120,-00325,00158,00233
10:56:27.040 -> Raw:15832,-17024,17640,32767,32767,03928,-00285,00141,00194
10:56:27.078 -> Raw:15928,-15888,19112,32457,32767,04939,-00250,00101,00179
10:56:27.116 -> Raw:14912,-14760,19312,27647,32767,05984,-00194,00062,00175
10:56:27.149 -> Raw:11296,-12760,18832,22506,32767,07728,-00164,00052,00185
10:56:27.187 -> Raw:08328,-10952,19264,15319,32767,10551,-00120,00023,00220
10:56:27.187 -> Raw:04520,-08760,19264,09935,32767,15269,-00068,-00006,00248
10:56:27.225 -> Raw:00640,-07048,18424,01746,32767,15773,-00056,-00022,00290
10:56:27.259 -> Raw:-02944,-06864,16504,-07391,32767,19495,-00050,-00031,00334
10:56:27.297 -> Raw:-03024,-06904,12824,-07919,32767,29296,-00043,-00052,00364
10:56:27.335 -> Raw:-02416,-03200,09976,-04028,32767,32767,-00052,-00083,00401
10:56:27.369 -> Raw:-03376,-00120,08032,-05008,32767,32767,-00054,-00102,00427
10:56:27.402 -> Raw:-02424,04744,06392,-09939,32767,32767,-00094,-00132,00473
10:56:27.402 -> Raw:-03928,07392,06960,-14432,32767,32767,-00136,-00163,00497
10:56:27.440 -> Raw:00432,07816,05384,-14546,32767,32767,-00195,-00188,00518
10:56:27.478 -> Raw:-00032,08504,05032,-17989,32767,32767,-00229,-00192,00509
10:56:27.516 -> Raw:-00592,19280,00696,-13444,32767,32767,-00297,-00190,00499
10:56:27.550 -> Raw:-01176,24136,-01176,-11600,32767,19727,-00327,-00185,00496
10:56:27.589 -> Raw:-00568,19544,-00856,-10037,32767,08895,-00339,-00191,00472
10:56:27.627 -> Raw:00672,19656,-00872,-09131,32767,03917,-00354,-00187,00463
10:56:27.627 -> Raw:01208,22440,-01120,-11645,32519,-05784,-00362,-00190,00450
10:56:27.665 -> Raw:00792,22096,-00048,-16027,30571,-16478,-00344,-00191,00429
10:56:27.701 -> Raw:02152,23328,06360,-21263,30111,-23324,-00320,-00196,00413
10:56:27.739 -> Raw:00952,25576,01272,-21134,32767,-25597,-00282,-00196,00383
10:56:27.777 -> Raw:-01176,25192,-00480,-26343,32767,-32768,-00248,-00195,00359
10:56:27.777 -> Raw:-01080,24008,-01064,-26386,32767,-32768,-00206,-00183,00332
10:56:27.815 -> Raw:-04888,22960,-01776,-25890,32767,-32768,-00136,-00156,00314
10:56:27.854 -> Raw:-08696,19792,-00408,-25992,32767,-32768,-00082,-00111,00324
10:56:27.887 -> Raw:-10312,13472,-01336,-23242,32767,-32768,-00040,-00060,00331
10:56:27.925 -> Raw:-11000,12232,-04304,-21656,32767,-32768,-00017,-00011,00340
10:56:27.963 -> Raw:-09808,10600,-06680,-20924,32767,-32768,-00008,00047,00397
10:56:27.997 -> Raw:-08352,08352,-08496,-18530,32767,-32768,-00017,00088,00444
10:56:27.997 -> Raw:-06424,09320,-12568,-13826,32767,-32768,-00055,00131,00487
10:56:28.035 -> Raw:-04344,06960,-14872,01977,25274,-32768,-00091,00167,00517
10:56:28.069 -> Raw:-04560,05624,-10696,29551,20659,-32768,-00145,00202,00517
10:56:28.108 -> Raw:01544,02240,-04200,32767,19196,-32768,-00187,00218,00497
10:56:28.146 -> Raw:11184,-02256,01592,32767,13493,-32768,-00232,00232,00463
10:56:28.179 -> Raw:14168,-12160,04752,32767,10853,-32768,-00268,00248,00424
10:56:28.217 -> Raw:12000,-20248,05224,32767,10714,-32768,-00366,00216,00375
10:56:28.217 -> Raw:12864,-22528,02288,22345,07783,-32768,-00393,00188,00347
10:56:28.255 -> Raw:14112,-21672,02920,13000,07925,-26872,-00402,00165,00338
10:56:28.289 -> Raw:12664,-18872,06968,06345,10812,-15162,-00424,00142,00326
10:56:28.327 -> Raw:10640,-14432,09664,05969,21502,-07215,-00424,00130,00308
10:56:28.365 -> Raw:12328,-11736,12024,09632,32767,-01478,-00417,00136,00304
10:56:28.403 -> Raw:14384,-09920,14120,14442,32767,00348,-00405,00130,00280
10:56:28.441 -> Raw:17368,-08464,14528,20154,32767,-03425,-00364,00102,00234
10:56:28.441 -> Raw:17416,-07984,17280,23249,32767,-10372,-00320,00101,00207
10:56:28.474 -> Raw:18152,-10296,19776,21072,32767,-13550,-00283,00075,00191
10:56:28.513 -> Raw:17616,-13880,20056,19832,32767,-09581,-00250,00063,00182
10:56:28.547 -> Raw:16088,-14256,17224,17322,32767,-03598,-00167,00035,00193
10:56:28.584 -> Raw:11528,-13520,14736,11625,32767,01185,-00117,00016,00210
10:56:28.622 -> Raw:04760,-14336,16944,-00115,32767,08236,-00093,00016,00240
10:56:28.622 -> Raw:02872,-12304,17056,-04119,31091,20159,-00063,-00001,00291
10:56:28.660 -> Raw:-01768,-09712,16688,-07388,32767,29082,-00037,-00025,00318
10:56:28.698 -> Raw:-03384,-08416,16056,-08359,32767,32767,-00050,-00041,00350
10:56:28.736 -> Raw:-03512,-03216,14016,-06565,32767,32767,-00055,-00068,00365
10:56:28.774 -> Raw:-01960,-00648,10040,-07679,32767,32767,-00070,-00115,00407
10:56:28.812 -> Raw:-00504,03176,07096,-14205,32767,32767,-00118,-00147,00443
10:56:28.812 -> Raw:-03560,07384,07152,-23824,30590,32767,-00148,-00162,00453
10:56:28.850 -> Raw:-02048,07432,09048,-22599,31696,32767,-00198,-00188,00464
10:56:28.888 -> Raw:-00784,14752,06064,-18390,32767,32767,-00233,-00206,00446
10:56:28.922 -> Raw:-01912,21744,03136,-16214,32767,32767,-00285,-00193,00434
10:56:28.956 -> Raw:-01304,21528,03872,-16425,32767,22665,-00304,-00193,00426
10:56:28.993 -> Raw:-02136,19704,02096,-15858,32767,15146,-00316,-00187,00404
10:56:29.027 -> Raw:-02040,17672,05376,-08900,31839,13354,-00320,-00186,00398
10:56:29.060 -> Raw:-03264,23688,07936,-12624,32767,03300,-00332,-00187,00382
10:56:29.060 -> Raw:-02512,22864,10056,-14494,32767,-07443,-00310,-00180,00376
10:56:29.093 -> Raw:-00760,22936,08456,-18508,32767,-14046,-00286,-00195,00343
10:56:29.131 -> Raw:-01792,24008,05272,-23407,32767,-21081,-00240,-00180,00326
10:56:29.169 -> Raw:-02328,21496,05712,-25509,32767,-25546,-00208,-00172,00318
10:56:29.204 -> Raw:-02256,22328,04064,-27394,32767,-26951,-00140,-00155,00305
10:56:29.237 -> Raw:-01888,23088,-00208,-28600,32767,-29269,-00089,-00115,00313
10:56:29.275 -> Raw:-03856,22248,-00184,-25823,32767,-31385,-00041,-00088,00334
10:56:29.313 -> Raw:-06208,21120,-00984,-23498,32767,-32768,-00016,-00052,00364
10:56:29.313 -> Raw:-07304,16888,-02672,-16285,32767,-32253,-00013,-00027,00397
10:56:29.346 -> Raw:-09440,16472,-01936,-11566,32767,-31090,-00004,00016,00434
10:56:29.385 -> Raw:-10760,13584,-03000,-15428,32767,-32768,-00008,00047,00476
10:56:29.419 -> Raw:-11528,12792,-04784,-02881,32767,-29170,-00041,00093,00536
10:56:29.452 -> Raw:-10408,12144,-06256,10150,32767,-27888,-00070,00117,00557
10:56:29.486 -> Raw:-06920,06720,-07088,24974,32767,-28017,-00113,00145,00580
10:56:29.519 -> Raw:-04368,-00680,-01312,32767,32767,-24911,-00152,00166,00581
10:56:29.557 -> Raw:03472,-04336,-01432,31447,32767,-32426,-00186,00195,00570
10:56:29.594 -> Raw:10616,-09752,-07496,20773,32767,-32768,-00256,00222,00552
10:56:29.594 -> Raw:11792,-15072,-05088,24050,32767,-20626,-00305,00227,00522
10:56:29.632 -> Raw:12320,-14688,-02400,18769,32767,-12031,-00346,00230,00491
10:56:29.670 -> Raw:15384,-14632,-03832,05577,32767,-14499,-00359,00235,00473
10:56:29.710 -> Raw:15984,-13640,-03752,07649,31553,-03506,-00385,00221,00449
10:56:29.745 -> Raw:16432,-10240,-00608,18673,32767,07362,-00381,00220,00420
10:56:29.783 -> Raw:15904,-12768,04512,20218,32767,05824,-00373,00222,00397
10:56:29.783 -> Raw:18000,-17976,04968,26103,32767,12332,-00362,00225,00351
10:56:29.821 -> Raw:19336,-17456,06272,30034,32767,18677,-00344,00226,00319
10:56:29.854 -> Raw:19112,-20768,09560,27252,32767,19542,-00297,00217,00275
10:56:29.888 -> Raw:17400,-20920,11616,28186,32767,24180,-00256,00205,00259
10:56:29.926 -> Raw:17024,-20032,10496,29878,32767,27113,-00182,00178,00230
10:56:29.964 -> Raw:14208,-19792,10632,24450,32767,27239,-00139,00146,00230
10:56:30.002 -> Raw:11024,-18536,12320,17079,30900,27308,-00106,00123,00240
10:56:30.002 -> Raw:06760,-17144,15080,07567,28272,28564,-00066,00083,00255
10:56:30.040 -> Raw:04120,-16016,16288,01934,27731,32767,-00051,00052,00280
10:56:30.074 -> Raw:00800,-12768,16912,-04682,28696,32767,-00028,00023,00314
10:56:30.112 -> Raw:-02136,-08320,16344,-11643,31431,32767,-00029,-00007,00343
10:56:30.150 -> Raw:-01480,-05720,13408,-08855,32767,32767,-00037,-00060,00374
10:56:30.183 -> Raw:-03056,-03104,11384,-12897,32767,32767,-00054,-00097,00412
10:56:30.217 -> Raw:-03304,03384,09984,-18231,32767,32767,-00098,-00131,00436
10:56:30.217 -> Raw:-03192,07224,08480,-20986,32767,32767,-00122,-00166,00459
10:56:30.255 -> Raw:-03296,07672,07736,-22361,32767,32767,-00167,-00177,00466
10:56:30.293 -> Raw:-01096,12504,04544,-21706,32767,32767,-00200,-00192,00473
10:56:30.331 -> Raw:-01752,14520,03136,-24660,32767,26920,-00241,-00203,00474
10:56:30.369 -> Raw:01152,17824,00464,-15007,32767,27260,-00256,-00207,00460
10:56:30.403 -> Raw:01904,23864,-01928,-21940,32767,14048,-00294,-00205,00450
10:56:30.403 -> Raw:01024,21056,-00968,-21839,32767,05842,-00302,-00205,00417
10:56:30.441 -> Raw:02344,23728,00352,-22380,32767,-01749,-00304,-00203,00401
10:56:30.475 -> Raw:02376,30920,02936,-26935,32767,-15060,-00295,-00213,00385
10:56:30.513 -> Raw:00312,32767,04080,-29163,32767,-30322,-00258,-00203,00350
10:56:30.551 -> Raw:01080,32767,05016,-28839,32767,-32768,-00204,-00198,00319
10:56:30.584 -> Raw:01936,31760,01544,-25376,32767,-32768,-00159,-00177,00320
10:56:30.622 -> Raw:-02152,25744,01632,-18883,32767,-32768,-00079,-00131,00314
10:56:30.622 -> Raw:-05096,20112,02792,-15953,32767,-32768,-00016,-00050,00341
10:56:30.660 -> Raw:-07000,16736,01688,-14305,32767,-32768,00004,-00008,00375
10:56:30.694 -> Raw:-07600,14464,03600,-15085,32767,-32768,00009,00016,00416
10:56:30.728 -> Raw:-03600,09632,01480,-17321,32767,-32768,-00024,00085,00494
10:56:30.766 -> Raw:01760,07488,-07096,-14163,32767,-32768,-00074,00116,00556
10:56:30.804 -> Raw:03792,04408,-16272,-01199,32767,-22678,-00125,00123,00602
10:56:30.837 -> Raw:03608,02104,-17208,13217,31611,-15355,-00175,00140,00623
10:56:30.875 -> Raw:01424,-00960,-11592,26044,25005,-08738,-00209,00156,00627
10:56:30.875 -> Raw:01384,-01504,-09392,32767,26882,-07509,-00250,00188,00602
10:56:30.913 -> Raw:05040,-02160,-06368,32767,28909,-16222,-00267,00200,00588
10:56:30.951 -> Raw:10240,-04264,-04760,32767,31295,-28034,-00302,00212,00539
10:56:30.985 -> Raw:16192,-10928,-07232,32767,25913,-24288,-00346,00222,00511
10:56:31.019 -> Raw:16328,-13912,-04304,32767,21620,-12842,-00366,00223,00467
10:56:31.057 -> Raw:15568,-13816,-01552,31330,23106,-10083,-00379,00223,00426
10:56:31.094 -> Raw:15728,-19872,00376,22715,27469,-05991,-00386,00212,00404
10:56:31.094 -> Raw:14616,-19400,03120,18715,31747,07852,-00383,00212,00354
10:56:31.132 -> Raw:14712,-16792,06608,17165,32767,12012,-00371,00216,00317
10:56:31.170 -> Raw:18048,-16336,06960,19931,32767,18284,-00335,00212,00285
10:56:31.208 -> Raw:17552,-15560,09600,25459,32767,18640,-00295,00201,00261
10:56:31.246 -> Raw:16160,-19152,10504,26407,32767,18607,-00248,00185,00229
10:56:31.284 -> Raw:13264,-20480,13696,25051,32767,19253,-00200,00162,00224
10:56:31.284 -> Raw:11240,-19304,13472,23589,32767,23606,-00168,00148,00227
10:56:31.322 -> Raw:07424,-16480,14328,22052,32767,24472,-00108,00105,00229
10:56:31.360 -> Raw:03528,-13968,14880,17892,32767,24244,-00071,00073,00271
10:56:31.394 -> Raw:01504,-14520,14208,10613,32767,26424,-00037,00027,00308
10:56:31.428 -> Raw:-01440,-11120,11616,04640,32767,29205,-00031,00023,00324
10:56:31.461 -> Raw:-04024,-08968,10528,-01876,32767,31389,-00017,-00021,00378
10:56:31.495 -> Raw:-03368,-06952,09568,-07242,31475,32767,-00033,-00053,00411
10:56:31.528 -> Raw:-05856,-04288,09616,-15108,29122,32767,-00033,-00078,00426
10:56:31.528 -> Raw:-05624,00728,08920,-16494,28782,32767,-00078,-00115,00450
10:56:31.566 -> Raw:-05448,01400,07608,-15084,29842,32767,-00094,-00142,00481
10:56:31.600 -> Raw:-06456,09008,05536,-20596,28610,32767,-00158,-00173,00482
10:56:31.638 -> Raw:-06200,10232,06440,-17978,30908,32767,-00185,-00186,00490
10:56:31.677 -> Raw:-06008,11472,06864,-16929,29659,32028,-00224,-00197,00471
10:56:31.715 -> Raw:-03080,15376,05040,-18263,32767,29525,-00256,-00205,00476
10:56:31.753 -> Raw:-03424,19432,03688,-18001,32767,22249,-00287,-00211,00462
10:56:31.753 -> Raw:-00584,22000,02248,-14755,32767,15963,-00306,-00201,00452
10:56:31.791 -> Raw:-00312,22680,-00792,-16637,32767,06205,-00321,-00200,00445
10:56:31.829 -> Raw:-01272,23400,02048,-23069,32767,-03038,-00312,-00201,00421
10:56:31.867 -> Raw:01248,26192,01752,-25438,32767,-11841,-00305,-00197,00399
10:56:31.905 -> Raw:-00344,26840,00896,-30688,32767,-20686,-00275,-00180,00364
10:56:31.905 -> Raw:-02952,26072,03840,-28644,32767,-25929,-00228,-00186,00332
10:56:31.938 -> Raw:-05104,25000,06544,-30772,32767,-29715,-00189,-00175,00310
10:56:31.976 -> Raw:-06824,25752,07008,-32768,32767,-32768,-00133,-00138,00294
10:56:32.014 -> Raw:-06256,23504,06520,-32206,32767,-32768,-00104,-00121,00278
10:56:32.053 -> Raw:-07192,21200,03352,-29958,32767,-32768,-00044,-00063,00301
10:56:32.087 -> Raw:-06960,17816,00800,-25868,32767,-32768,-00008,-00012,00343
10:56:32.125 -> Raw:-07736,15056,-00624,-21927,32767,-32768,-00000,00052,00420
10:56:32.125 -> Raw:-07064,13832,-02088,-19253,32767,-32768,-00013,00087,00466
10:56:32.163 -> Raw:-04776,11288,-04816,-19064,32767,-32768,-00058,00118,00518
10:56:32.201 -> Raw:-01848,08928,-09456,-16331,32767,-32768,-00095,00136,00561
10:56:32.239 -> Raw:01728,05120,-17864,-02311,32767,-30240,-00133,00143,00597
10:56:32.277 -> Raw:00960,01552,-19248,24236,23194,-15805,-00200,00162,00608
10:56:32.315 -> Raw:-01056,01024,-10232,32767,16383,-12925,-00221,00187,00595
10:56:32.315 -> Raw:00376,02344,-03992,32767,18323,-25170,-00248,00210,00573
10:56:32.349 -> Raw:06536,-03856,-00688,32767,25656,-32768,-00290,00226,00536
10:56:32.387 -> Raw:10064,-13232,-00536,32767,32767,-32768,-00343,00225,00496
10:56:32.421 -> Raw:13576,-15064,-05064,28622,32201,-25721,-00367,00215,00455
10:56:32.459 -> Raw:15728,-17016,-05552,14031,27319,-24442,-00390,00218,00424
10:56:32.497 -> Raw:16864,-17272,-03392,10116,23677,-13244,-00421,00195,00399
10:56:32.497 -> Raw:15504,-14144,02112,10570,29786,-03788,-00417,00193,00373
10:56:32.535 -> Raw:17472,-11272,00992,13508,32767,01062,-00418,00197,00351
10:56:32.573 -> Raw:16488,-09488,05600,15733,32767,01057,-00397,00187,00320
10:56:32.611 -> Raw:16880,-09616,09736,19707,32767,-00301,-00385,00173,00281
10:56:32.645 -> Raw:19840,-13824,11104,20005,32767,-00862,-00358,00171,00240
10:56:32.683 -> Raw:21664,-14896,12048,17395,32767,01968,-00324,00160,00213
10:56:32.718 -> Raw:20288,-12976,15224,12496,32767,00265,-00274,00141,00199
10:56:32.718 -> Raw:18288,-16576,17504,05793,32767,02932,-00227,00140,00188
10:56:32.756 -> Raw:15416,-16424,18816,00608,32767,10436,-00173,00130,00203
10:56:32.794 -> Raw:13296,-13784,16360,-02005,32767,17995,-00141,00118,00220
10:56:32.828 -> Raw:09344,-13200,12360,-05741,32767,23147,-00081,00102,00250
10:56:32.866 -> Raw:04992,-14016,10792,-12615,32548,26663,-00052,00083,00304
10:56:32.904 -> Raw:03392,-14152,10320,-15997,28801,32767,-00040,00057,00331
10:56:32.942 -> Raw:-00832,-12232,11064,-22472,25821,32767,-00020,00033,00368
10:56:32.942 -> Raw:-01984,-10712,12280,-24112,29640,32767,-00009,00003,00393
10:56:32.976 -> Raw:-00640,-03536,13504,-31012,32767,32767,-00033,-00051,00426
10:56:33.010 -> Raw:-00496,02024,13776,-32768,32767,32767,-00052,-00106,00454
10:56:33.043 -> Raw:-02464,08744,09656,-28976,32767,32767,-00089,-00135,00453
10:56:33.077 -> Raw:-01088,09744,04080,-24137,32767,32767,-00152,-00183,00474
10:56:33.110 -> Raw:-01400,10512,04032,-30002,32767,32767,-00201,-00213,00480
10:56:33.144 -> Raw:02024,13152,03680,-25306,32767,32767,-00240,-00215,00453
10:56:33.182 -> Raw:03072,24376,-03528,-23408,32767,32767,-00270,-00212,00445
10:56:33.220 -> Raw:00288,26024,-00200,-22571,32767,18409,-00313,-00215,00430
10:56:33.220 -> Raw:01552,26912,02072,-20376,32767,05654,-00312,-00203,00398
10:56:33.258 -> Raw:01512,28064,02016,-24218,32767,-08121,-00316,-00205,00392
10:56:33.296 -> Raw:00928,31232,05264,-28020,32767,-20708,-00286,-00210,00351
10:56:33.329 -> Raw:00360,31144,06752,-32768,32767,-32768,-00232,-00195,00313
10:56:33.367 -> Raw:-02520,30696,09416,-32768,32767,-32768,-00160,-00183,00281
10:56:33.405 -> Raw:-03880,27784,09384,-32768,32767,-32768,-00131,-00143,00283
10:56:33.405 -> Raw:-04560,23416,06304,-28757,32767,-32768,-00043,-00067,00290
10:56:33.443 -> Raw:-04040,19144,01896,-28207,32767,-32768,-00006,-00016,00342
10:56:33.482 -> Raw:-05904,17824,-00304,-25217,32767,-32768,00008,00030,00392
10:56:33.520 -> Raw:-06184,14864,-02008,-21507,32767,-32768,-00005,00075,00463
10:56:33.554 -> Raw:-04408,12040,-06056,-19165,32767,-32768,-00027,00100,00501
10:56:33.587 -> Raw:-02440,06248,-11216,-11675,32767,-32768,-00113,00140,00573
10:56:33.621 -> Raw:-01424,02624,-14320,06015,32524,-23874,-00154,00160,00601
10:56:33.654 -> Raw:-02752,00048,-11400,22507,23563,-13729,-00197,00155,00611
10:56:33.654 -> Raw:-03704,02256,-06976,32767,25160,-13302,-00227,00185,00601
10:56:33.687 -> Raw:01136,01008,-03272,30818,31080,-28844,-00260,00196,00574
10:56:33.726 -> Raw:07336,-05672,-00624,29305,32767,-32768,-00300,00215,00552
10:56:33.760 -> Raw:12104,-16704,-03608,29265,32767,-28247,-00329,00227,00524
10:56:33.793 -> Raw:14368,-14128,-06024,23299,32767,-15970,-00381,00217,00473
10:56:33.831 -> Raw:16904,-15128,-07712,15301,29070,-16754,-00398,00206,00431
10:56:33.869 -> Raw:16000,-14576,-02240,16468,28357,-06053,-00420,00191,00403
10:56:33.908 -> Raw:16000,-14448,02192,18543,32503,00938,-00414,00196,00380
10:56:33.908 -> Raw:17032,-15848,04056,17760,32767,04049,-00405,00190,00351
10:56:33.946 -> Raw:18360,-14744,05040,18824,32767,09160,-00387,00193,00304
10:56:33.984 -> Raw:18736,-14144,07160,16273,32767,09323,-00364,00190,00300
10:56:34.018 -> Raw:18360,-17456,10248,13705,32767,08582,-00329,00185,00252
10:56:34.056 -> Raw:18792,-18032,11488,13481,32767,13124,-00290,00171,00222
10:56:34.091 -> Raw:17864,-16552,14424,13227,32767,15847,-00229,00175,00221
10:56:34.126 -> Raw:16080,-16664,14584,12580,32767,17859,-00200,00157,00219
10:56:34.126 -> Raw:12440,-17568,13056,08959,32767,18774,-00133,00143,00225
10:56:34.160 -> Raw:08960,-18656,10944,04448,32767,22881,-00090,00131,00258
10:56:34.198 -> Raw:05992,-16464,08776,00256,32767,28653,-00066,00101,00271
10:56:34.232 -> Raw:-00144,-15088,08496,-07882,32767,32033,-00037,00060,00323
10:56:34.270 -> Raw:-01168,-16088,07240,-20434,29061,32767,-00017,00046,00355
10:56:34.308 -> Raw:-05400,-16952,09008,-32768,20402,32767,-00018,00012,00389
10:56:34.341 -> Raw:-02296,-12928,12120,-32768,16386,32767,-00016,-00022,00417
10:56:34.341 -> Raw:00104,-03568,09592,-27800,18209,32767,-00045,-00090,00425
10:56:34.375 -> Raw:-04432,06472,07928,-24594,18226,32767,-00087,-00138,00431
10:56:34.408 -> Raw:-05416,05816,04232,-25150,17837,32767,-00104,-00156,00424
10:56:34.446 -> Raw:-06488,06632,05256,-25755,14740,32767,-00164,-00177,00412
10:56:34.485 -> Raw:-07032,09800,06408,-27389,17005,32767,-00193,-00196,00413
10:56:34.523 -> Raw:-08584,13888,06352,-28235,19373,27575,-00221,-00200,00387
10:56:34.561 -> Raw:-07312,13408,08848,-25041,22812,28187,-00244,-00196,00375
10:56:34.561 -> Raw:-06680,17480,09232,-23953,27409,24603,-00259,-00190,00341
10:56:34.595 -> Raw:-05736,21704,13080,-25991,32400,16930,-00255,-00188,00337
10:56:34.632 -> Raw:-03608,26656,14736,-28264,32767,06242,-00255,-00186,00317
10:56:34.667 -> Raw:-02080,28688,13352,-32768,32767,-09017,-00239,-00171,00294
10:56:34.700 -> Raw:-03200,27864,11040,-32768,32767,-18430,-00187,-00153,00276
10:56:34.738 -> Raw:-06144,24328,10200,-32116,32767,-22129,-00144,-00128,00263
10:56:34.776 -> Raw:-08808,22200,10392,-28455,32767,-22510,-00105,-00092,00259
10:56:34.814 -> Raw:-09472,21592,08464,-28569,32767,-27325,-00070,-00057,00264
10:56:34.814 -> Raw:-09568,18008,07320,-28138,32767,-30060,-00016,-00007,00318
10:56:34.852 -> Raw:-09192,15504,04784,-27437,32767,-31232,-00002,00040,00382
10:56:34.890 -> Raw:-08328,12288,01248,-25228,32767,-27683,-00000,00070,00445
10:56:34.928 -> Raw:-07592,10544,-02240,-19626,32767,-22557,-00033,00086,00503
10:56:34.962 -> Raw:-04936,07456,-06232,-13354,32767,-16451,-00071,00093,00551
10:56:34.996 -> Raw:-03224,05952,-10696,00190,32767,-07644,-00105,00097,00608
10:56:35.034 -> Raw:-01416,03400,-13248,12975,32767,-01319,-00133,00101,00622
10:56:35.034 -> Raw:-01760,03808,-13600,20931,26061,00016,-00175,00127,00634
10:56:35.067 -> Raw:-01016,04624,-11144,23357,23185,-05549,-00208,00150,00636
10:56:35.102 -> Raw:00416,01856,-08616,28838,25954,-12815,-00236,00171,00622
10:56:35.140 -> Raw:05584,-01464,-07904,27673,31199,-19739,-00247,00171,00599
10:56:35.178 -> Raw:09392,-04656,-07672,27296,32449,-25319,-00301,00201,00576
10:56:35.211 -> Raw:11872,-08240,-09184,29706,30758,-19550,-00340,00215,00557
10:56:35.249 -> Raw:12736,-13784,-09272,25251,24446,-12006,-00362,00220,00527
10:56:35.249 -> Raw:10968,-16496,-05880,20209,23003,-01417,-00389,00210,00491
10:56:35.287 -> Raw:10928,-13152,-01088,24349,27738,09438,-00394,00230,00463
10:56:35.325 -> Raw:11872,-15232,03224,26981,32767,12820,-00385,00226,00416
10:56:35.363 -> Raw:15544,-19064,02976,27843,32767,19008,-00370,00232,00374
10:56:35.397 -> Raw:17808,-18848,04592,30904,32767,23366,-00331,00241,00324
10:56:35.431 -> Raw:17544,-20448,07864,32767,32767,25174,-00287,00231,00294
10:56:35.469 -> Raw:16152,-22520,10864,32767,32767,24121,-00243,00220,00257
10:56:35.469 -> Raw:14280,-24792,12304,30400,32767,25620,-00200,00180,00234
10:56:35.507 -> Raw:11568,-22056,12496,27008,32767,27874,-00143,00165,00234
10:56:35.545 -> Raw:08408,-17648,12720,21766,32767,26214,-00089,00110,00254
10:56:35.579 -> Raw:04560,-16056,12592,12050,31507,24161,-00079,00086,00266
10:56:35.613 -> Raw:01776,-15312,12840,06190,32606,26997,-00040,00052,00300
10:56:35.646 -> Raw:00200,-14144,11088,-02191,30353,32125,-00028,00016,00337
10:56:35.684 -> Raw:-03432,-11104,10000,-11538,25164,32767,-00018,-00012,00359
10:56:35.722 -> Raw:-08400,-09264,12568,-23199,21405,32767,-00022,-00036,00390
10:56:35.722 -> Raw:-06856,-06680,12320,-26258,25438,32767,-00039,-00063,00408
10:56:35.755 -> Raw:-05912,-02088,10264,-25724,26078,32767,-00058,-00108,00421
10:56:35.794 -> Raw:-06280,02096,08880,-27871,23126,32767,-00085,-00136,00429
10:56:35.828 -> Raw:-06800,07608,07368,-27004,24943,32767,-00136,-00176,00426
10:56:35.861 -> Raw:-07384,08728,04856,-25609,24109,32767,-00166,-00186,00421
10:56:35.899 -> Raw:-07304,06936,05936,-22827,22499,32767,-00187,-00201,00426
10:56:35.937 -> Raw:-05296,11128,06624,-23627,23884,32767,-00220,-00208,00401
10:56:35.937 -> Raw:-03104,12432,08040,-23396,27728,32767,-00248,-00210,00399
10:56:35.970 -> Raw:01104,19592,03848,-21940,32767,30999,-00271,-00208,00375
10:56:36.006 -> Raw:-00360,21008,-00040,-25504,30615,18431,-00287,-00203,00357
10:56:36.044 -> Raw:-01280,19592,01720,-18143,23835,16654,-00286,-00197,00333
10:56:36.077 -> Raw:-02936,22592,07160,-20421,21765,09458,-00294,-00195,00326
10:56:36.111 -> Raw:-06904,25440,13512,-26465,30703,-06424,-00281,-00177,00303
10:56:36.149 -> Raw:-05536,23344,16000,-29046,32767,-15809,-00244,-00173,00271
10:56:36.187 -> Raw:-04208,23936,13696,-28842,32767,-20423,-00223,-00163,00253
10:56:36.187 -> Raw:-04064,22608,10696,-26492,32767,-23563,-00144,-00123,00243
10:56:36.221 -> Raw:-05864,19520,09984,-23553,32767,-22890,-00090,-00093,00248
10:56:36.259 -> Raw:-07880,18064,07952,-21874,32767,-22048,-00047,-00056,00273
10:56:36.293 -> Raw:-08640,15112,05712,-23283,32767,-23150,-00014,-00026,00296
10:56:36.326 -> Raw:-10152,13888,03808,-22829,32767,-21622,00013,00020,00356
10:56:36.364 -> Raw:-11776,12824,02952,-20679,32767,-21338,00009,00043,00408
10:56:36.403 -> Raw:-10848,11312,00976,-17959,32767,-21284,00001,00066,00467
10:56:36.436 -> Raw:-08024,09512,-03456,-16015,32767,-20935,-00027,00077,00517
10:56:36.436 -> Raw:-06472,06280,-07128,-09168,32767,-15179,-00060,00088,00559
10:56:36.474 -> Raw:-05184,03688,-09568,00546,32767,-07275,-00100,00092,00598
10:56:36.512 -> Raw:-05320,02904,-09544,09911,32767,00031,-00141,00103,00630
10:56:36.546 -> Raw:-04000,03312,-07472,15401,32767,00107,-00177,00113,00635
10:56:36.584 -> Raw:00760,03096,-07832,20369,32767,-03159,-00224,00132,00641
10:56:36.619 -> Raw:06840,-00472,-09064,22643,32767,-09100,-00266,00141,00637
10:56:36.657 -> Raw:09936,-03936,-10016,22848,32767,-13301,-00293,00176,00620
10:56:36.657 -> Raw:13400,-06080,-12072,28171,32767,-07089,-00331,00176,00604
10:56:36.695 -> Raw:14696,-08248,-10600,32767,26170,-00686,-00366,00196,00566
10:56:36.733 -> Raw:14440,-10432,-08096,26051,21992,-00451,-00374,00216,00536
10:56:36.768 -> Raw:15672,-16016,-08560,21617,22570,04927,-00379,00216,00495
10:56:36.801 -> Raw:13792,-18712,-03560,27120,23811,23278,-00381,00217,00473
10:56:36.839 -> Raw:14360,-17952,-00568,29613,30087,31619,-00356,00245,00415
10:56:36.876 -> Raw:15104,-20640,00744,29513,32767,32767,-00321,00252,00384
10:56:36.876 -> Raw:15632,-21152,03936,32767,32767,32767,-00295,00258,00352
10:56:36.914 -> Raw:14976,-21072,07400,32767,32767,32767,-00225,00228,00306
10:56:36.947 -> Raw:11720,-25224,09312,32767,32767,32767,-00170,00207,00282
10:56:36.980 -> Raw:10296,-23912,07792,30125,32767,32767,-00114,00171,00273
10:56:37.017 -> Raw:06400,-20664,08936,23029,32767,32301,-00074,00143,00278
10:56:37.056 -> Raw:02968,-17880,09096,18344,32032,31669,-00044,00088,00319
10:56:37.094 -> Raw:-01600,-15768,09096,08173,28176,28493,-00025,00056,00334
10:56:37.094 -> Raw:-04352,-16752,07848,-01956,24570,29989,-00020,00046,00350
10:56:37.127 -> Raw:-04232,-14248,05600,-09034,19123,32767,-00018,-00005,00404
10:56:37.161 -> Raw:-05216,-10744,05376,-19035,10205,32767,-00027,-00035,00415
10:56:37.199 -> Raw:-07296,-09824,10472,-24362,08060,32767,-00036,-00086,00413
10:56:37.237 -> Raw:-05232,-03584,11912,-21629,13880,32767,-00063,-00108,00416
10:56:37.275 -> Raw:-06128,05280,09928,-19717,19497,32767,-00110,-00157,00422
10:56:37.313 -> Raw:-05920,04256,09304,-21463,21203,32767,-00156,-00175,00420
10:56:37.313 -> Raw:-04752,07960,06296,-18821,19315,32767,-00194,-00202,00412
10:56:37.351 -> Raw:-04224,11768,07096,-16043,20356,32767,-00232,-00202,00410
10:56:37.385 -> Raw:-04648,18840,04936,-13565,24886,32418,-00266,-00203,00408
10:56:37.418 -> Raw:-03552,18184,05392,-11492,28242,23528,-00286,-00205,00387
10:56:37.456 -> Raw:-03408,15320,05352,-12165,28972,18753,-00301,-00213,00383
10:56:37.490 -> Raw:-01360,17488,06536,-13764,29819,15383,-00300,-00197,00374
10:56:37.528 -> Raw:-01688,23184,06800,-21189,32767,05802,-00309,-00208,00360
10:56:37.562 -> Raw:-03936,22736,08912,-27556,32767,-05128,-00286,-00187,00336
10:56:37.562 -> Raw:-03144,23608,11376,-31526,32767,-11420,-00259,-00182,00315
10:56:37.600 -> Raw:-01600,27184,12728,-32768,32767,-18944,-00244,-00173,00281
10:56:37.638 -> Raw:-03360,28032,10176,-32768,32767,-29400,-00178,-00137,00254
10:56:37.676 -> Raw:-04608,23344,07872,-32768,32767,-31518,-00110,-00105,00247
10:56:37.711 -> Raw:-07568,18592,05416,-24972,32767,-29193,-00074,-00068,00258
10:56:37.744 -> Raw:-09528,15456,02896,-19975,32767,-26751,-00020,-00021,00289
10:56:37.778 -> Raw:-10936,12096,-00192,-16241,32767,-25659,-00005,00035,00333
10:56:37.811 -> Raw:-11848,06736,-01632,-14343,32767,-24007,-00014,00056,00378
10:56:37.811 -> Raw:-11472,04960,-03928,-14471,32767,-21606,-00009,00068,00406
10:56:37.849 -> Raw:-11592,05400,-05280,-15874,32767,-21833,-00028,00103,00459
10:56:37.883 -> Raw:-10608,06856,-06496,-16777,32767,-25031,-00041,00108,00505
10:56:37.917 -> Raw:-08936,07536,-08496,-13777,32767,-28289,-00063,00128,00523
10:56:37.950 -> Raw:-06488,07032,-11520,-02569,32767,-27860,-00113,00140,00567
10:56:37.984 -> Raw:-03296,05984,-14232,13230,30972,-28811,-00155,00158,00594
10:56:38.021 -> Raw:00136,02552,-11240,29614,22461,-31728,-00213,00197,00588
10:56:38.059 -> Raw:02216,-04024,-03568,32767,18410,-32768,-00231,00206,00571
10:56:38.093 -> Raw:06056,-05480,-00064,32767,23502,-32768,-00300,00225,00537
10:56:38.093 -> Raw:10176,-10056,-01136,32767,31546,-32768,-00333,00231,00487
10:56:38.129 -> Raw:12040,-14736,-02616,31293,32767,-32768,-00381,00227,00453
10:56:38.167 -> Raw:14456,-21128,-05712,13752,32767,-30887,-00414,00206,00408
10:56:38.204 -> Raw:15520,-21440,-04832,05937,32767,-13270,-00439,00188,00401
10:56:38.242 -> Raw:15312,-16760,00152,00950,32767,-02118,-00424,00182,00369
10:56:38.280 -> Raw:16000,-13352,04584,00171,32767,03986,-00421,00187,00336
10:56:38.280 -> Raw:17264,-11064,07032,02429,32767,06682,-00391,00195,00297
10:56:38.318 -> Raw:18808,-12072,09520,03728,32767,06906,-00367,00202,00275
10:56:38.356 -> Raw:21104,-13440,10864,06293,32767,09921,-00321,00187,00259
10:56:38.395 -> Raw:22144,-14600,13496,08638,32767,12923,-00293,00193,00233
10:56:38.433 -> Raw:20384,-18144,15776,05716,32767,13790,-00232,00177,00224
10:56:38.466 -> Raw:17136,-18936,15576,01663,32767,19213,-00175,00187,00239
10:56:38.502 -> Raw:12232,-16664,17456,00437,32767,22221,-00113,00160,00262
10:56:38.502 -> Raw:10712,-14632,13184,04533,32767,27048,-00064,00150,00315
10:56:38.540 -> Raw:06832,-17248,03896,-04029,32767,26725,-00037,00127,00371
10:56:38.578 -> Raw:02872,-17912,-01800,-17796,19508,27487,-00031,00101,00401
10:56:38.617 -> Raw:-02536,-14304,01720,-26025,07572,30895,-00016,00080,00427
10:56:38.655 -> Raw:-07376,-11024,06184,-26939,05153,32767,-00020,00053,00431
10:56:38.693 -> Raw:-07808,-12544,07112,-27880,07650,32767,-00018,00005,00448
10:56:38.693 -> Raw:-06280,-09296,08368,-26209,10381,32767,-00033,-00048,00449
10:56:38.726 -> Raw:-04320,-05648,09128,-25859,09695,32767,-00047,-00073,00457
10:56:38.764 -> Raw:-04040,02880,11744,-27194,14021,32767,-00100,-00152,00450
10:56:38.798 -> Raw:-06176,06888,12600,-28699,20391,32767,-00150,-00196,00441
10:56:38.836 -> Raw:-04272,08688,10256,-27915,21170,32767,-00205,-00202,00432
10:56:38.874 -> Raw:-04184,13608,10488,-27082,23380,32767,-00227,-00207,00420
10:56:38.874 -> Raw:-03520,23504,09616,-24243,32209,32562,-00279,-00211,00398
10:56:38.908 -> Raw:-04312,23392,09208,-29679,32767,12503,-00291,-00192,00374
10:56:38.946 -> Raw:-00328,21880,09536,-28450,32767,06459,-00282,-00198,00362
10:56:38.980 -> Raw:-01624,23712,10448,-29589,32767,02696,-00274,-00173,00319
10:56:39.015 -> Raw:-04568,26592,13776,-30330,32767,-03522,-00245,-00167,00290
10:56:39.053 -> Raw:-04072,26440,16056,-32768,32767,-12854,-00216,-00157,00269
10:56:39.091 -> Raw:-02792,25808,12864,-32768,32767,-19466,-00193,-00141,00261
10:56:39.124 -> Raw:-02896,24872,08536,-32768,32767,-22390,-00106,-00096,00245
10:56:39.124 -> Raw:-05816,24032,07496,-30839,32767,-25368,-00051,-00055,00259
10:56:39.162 -> Raw:-07000,20736,06472,-25114,32767,-27815,-00022,-00026,00289
10:56:39.200 -> Raw:-08040,17704,05064,-21564,32767,-28871,00010,00015,00359
10:56:39.236 -> Raw:-08096,14776,03088,-19888,32767,-30709,00004,00043,00411
10:56:39.270 -> Raw:-05920,11560,-00736,-20233,32767,-31206,-00020,00086,00490
10:56:39.308 -> Raw:-02680,07496,-06488,-18188,32767,-27806,-00054,00100,00537
10:56:39.341 -> Raw:-01240,06808,-11384,-08179,32767,-20163,-00120,00116,00609
10:56:39.379 -> Raw:00056,04864,-12608,08929,32767,-13038,-00178,00115,00639
10:56:39.379 -> Raw:01000,00384,-10480,25854,32767,-05555,-00205,00130,00636
10:56:39.417 -> Raw:02368,-04312,-08520,32767,32767,-02294,-00251,00155,00629
10:56:39.454 -> Raw:04056,-07544,-04984,27672,32767,-05831,-00286,00177,00608
10:56:39.487 -> Raw:09144,-07416,-12928,23999,32767,-09923,-00325,00196,00587
10:56:39.521 -> Raw:10952,-10552,-10216,25914,25919,-05052,-00336,00201,00564
10:56:39.559 -> Raw:12096,-11936,-07840,20030,22447,-05643,-00362,00212,00517
10:56:39.597 -> Raw:12472,-14976,-05912,17064,24033,-00151,-00381,00217,00504
10:56:39.597 -> Raw:14136,-17096,-03136,23570,28378,15195,-00382,00218,00474
10:56:39.630 -> Raw:16216,-16968,-00512,30049,32767,26852,-00375,00242,00440
10:56:39.669 -> Raw:17320,-19544,03112,32767,32767,32357,-00335,00245,00397
10:56:39.707 -> Raw:18384,-23872,06112,32767,32767,32767,-00301,00248,00337
10:56:39.740 -> Raw:19088,-24040,05976,32767,32767,32767,-00250,00233,00299
10:56:39.778 -> Raw:15920,-22208,09104,32767,32767,31008,-00171,00193,00271
10:56:39.816 -> Raw:09856,-23944,11232,29094,32767,26832,-00124,00155,00254
10:56:39.816 -> Raw:07128,-20088,11072,18610,32767,23049,-00083,00135,00277
10:56:39.853 -> Raw:03968,-15928,10936,09638,29734,19656,-00051,00107,00295
10:56:39.891 -> Raw:01936,-13360,09720,-01045,23211,15144,-00039,00096,00311
10:56:39.930 -> Raw:-02200,-13120,10056,-13477,16141,10925,-00025,00076,00345
10:56:39.968 -> Raw:-05880,-14544,10632,-19324,15373,14621,-00012,00066,00368
10:56:39.968 -> Raw:-08672,-14320,10408,-24570,18932,20388,-00008,00052,00382
10:56:40.002 -> Raw:-06280,-14456,04648,-28226,24052,32767,-00010,00030,00412
10:56:40.040 -> Raw:-04392,-10544,00928,-30920,20087,32767,-00022,-00006,00441
10:56:40.078 -> Raw:-05640,-05560,03360,-31244,12035,32767,-00031,-00043,00462
10:56:40.116 -> Raw:-06312,-03616,03712,-28864,16254,32767,-00035,-00082,00458
10:56:40.153 -> Raw:-05656,02816,-00160,-29303,14429,32767,-00074,-00133,00464
10:56:40.187 -> Raw:-07440,03328,01760,-32252,12962,32767,-00110,-00162,00450
10:56:40.187 -> Raw:-06512,04056,02552,-29598,13473,32767,-00131,-00178,00444
10:56:40.220 -> Raw:-05560,09632,00680,-30392,11456,32767,-00178,-00202,00430
10:56:40.258 -> Raw:-06240,12344,02888,-29376,12143,32767,-00227,-00215,00392
10:56:40.296 -> Raw:-05480,17976,05144,-25697,16771,31790,-00247,-00216,00375
10:56:40.334 -> Raw:-05280,24464,06800,-29000,22034,18876,-00258,-00211,00362
10:56:40.372 -> Raw:-05224,21976,08064,-27516,27585,09857,-00274,-00206,00329
10:56:40.410 -> Raw:-03856,23704,09176,-27724,30640,03130,-00275,-00195,00308
10:56:40.410 -> Raw:-03784,24240,13512,-30282,32767,-04956,-00262,-00195,00295
10:56:40.448 -> Raw:-03232,27848,15952,-32768,32767,-12854,-00213,-00172,00254
10:56:40.482 -> Raw:-03096,26968,13392,-32768,32767,-23399,-00147,-00126,00233
10:56:40.520 -> Raw:-03376,23544,10408,-29564,32767,-25324,-00075,-00092,00239
10:56:40.554 -> Raw:-06112,21352,08864,-24401,32767,-25600,-00056,-00072,00252
10:56:40.588 -> Raw:-07016,21808,08080,-19225,32767,-26517,-00010,-00017,00305
10:56:40.621 -> Raw:-07640,17840,04152,-14921,32767,-29299,00016,00030,00356
10:56:40.659 -> Raw:-08480,11208,00752,-08342,32767,-25536,00006,00033,00403
10:56:40.659 -> Raw:-08976,08312,-01088,-05561,32767,-21840,-00013,00080,00460
10:56:40.697 -> Raw:-07408,06464,-04680,-05358,32767,-22414,-00037,00090,00504
10:56:40.731 -> Raw:-06288,05392,-05784,01267,32767,-20904,-00071,00123,00551
10:56:40.764 -> Raw:-04176,02024,-05112,08848,32767,-15518,-00091,00135,00578
10:56:40.802 -> Raw:-00112,00448,-06784,04989,32767,-18456,-00137,00140,00598
10:56:40.840 -> Raw:03432,-04296,-09400,07062,32767,-15685,-00206,00161,00609
10:56:40.878 -> Raw:04856,-03704,-07768,22666,32767,-04608,-00254,00167,00618
10:56:40.878 -> Raw:10128,-07896,-06488,20962,32767,-04388,-00293,00186,00604
10:56:40.916 -> Raw:14264,-11296,-07440,15234,32767,-05084,-00316,00202,00583
10:56:40.954 -> Raw:16176,-07800,-07072,18340,32767,-00292,-00359,00205,00560
10:56:40.992 -> Raw:20720,-11184,-09512,20610,32767,00346,-00377,00206,00533
10:56:41.026 -> Raw:19584,-16208,-04720,30094,27120,11338,-00379,00213,00490
10:56:41.059 -> Raw:18064,-20240,00896,32199,32341,24329,-00378,00237,00445
10:56:41.097 -> Raw:21736,-24352,00160,27520,32767,32767,-00359,00245,00410
10:56:41.097 -> Raw:21784,-21472,00528,30022,32767,32767,-00305,00250,00374
10:56:41.135 -> Raw:19776,-19312,02848,32767,32767,32767,-00283,00255,00343
10:56:41.173 -> Raw:15544,-21424,06424,30752,31587,30754,-00206,00231,00299
10:56:41.207 -> Raw:12312,-21776,10224,27084,31370,29039,-00152,00198,00278
10:56:41.245 -> Raw:08432,-18528,12264,22146,32206,25919,-00108,00175,00280
10:56:41.280 -> Raw:06712,-14744,11744,17738,31083,22420,-00081,00150,00290
10:56:41.318 -> Raw:01696,-16000,11416,07895,32767,18355,-00055,00123,00296
10:56:41.318 -> Raw:-02008,-15896,09496,-02337,32614,20680,-00037,00102,00338
10:56:41.356 -> Raw:-04032,-13432,07072,-10067,30267,23378,-00029,00095,00348
10:56:41.394 -> Raw:-02760,-15504,01896,-18777,18237,25826,-00017,00071,00396
10:56:41.432 -> Raw:-05968,-09272,01896,-24443,14870,20883,-00020,00048,00418
10:56:41.470 -> Raw:-08656,-11032,00832,-27259,15702,20930,-00022,00011,00441
10:56:41.470 -> Raw:-07560,-12944,-01224,-23621,13655,29282,-00010,-00015,00458
10:56:41.508 -> Raw:-07296,-11200,-02792,-22506,09504,32767,-00033,-00043,00464
10:56:41.547 -> Raw:-07048,-07768,-01216,-24363,05893,32767,-00054,-00085,00481
10:56:41.581 -> Raw:-06704,-05816,-02272,-26439,03142,32767,-00058,-00111,00472
10:56:41.619 -> Raw:-07128,01760,01664,-26531,-00481,32767,-00100,-00152,00455
10:56:41.652 -> Raw:-07952,02032,05248,-24015,00914,32767,-00143,-00180,00435
10:56:41.690 -> Raw:-06792,06440,05664,-21798,00987,32767,-00162,-00192,00415
10:56:41.690 -> Raw:-05640,14528,06776,-21063,01067,32767,-00213,-00205,00402
10:56:41.731 -> Raw:-07264,18784,09904,-17597,04678,32767,-00262,-00210,00382
10:56:41.768 -> Raw:-06288,19584,12712,-14989,17320,26799,-00298,-00208,00365
10:56:41.806 -> Raw:-03856,20408,10304,-19379,24077,19601,-00300,-00202,00369
10:56:41.844 -> Raw:-04376,21232,09648,-16518,24412,14711,-00310,-00190,00338
10:56:41.844 -> Raw:-05632,22088,12136,-18121,27958,08019,-00318,-00195,00328
10:56:41.882 -> Raw:-05152,21928,14384,-26074,32767,-01905,-00313,-00177,00310
10:56:41.916 -> Raw:-02664,22376,14600,-30795,32767,-08206,-00277,-00178,00283
10:56:41.954 -> Raw:00512,24848,12136,-32413,32767,-12865,-00213,-00135,00241
10:56:41.992 -> Raw:-01032,26688,09280,-30899,32767,-20012,-00173,-00115,00224
10:56:42.028 -> Raw:-04352,24304,08192,-24548,32767,-25013,-00124,-00100,00231
10:56:42.062 -> Raw:-05568,21312,07784,-23710,32767,-30787,-00054,-00050,00239
10:56:42.062 -> Raw:-07072,15624,04784,-22311,32767,-31858,-00028,-00003,00286
10:56:42.100 -> Raw:-08584,11480,01072,-18518,32767,-29679,-00010,00040,00323
10:56:42.138 -> Raw:-08736,08640,-01464,-17732,32767,-29829,-00006,00071,00383
10:56:42.176 -> Raw:-07608,05240,-05096,-19798,32767,-30084,-00032,00100,00445
10:56:42.214 -> Raw:-06928,03920,-07024,-15106,32767,-24737,-00063,00123,00505
10:56:42.252 -> Raw:-05104,05384,-08688,-12255,32767,-24164,-00082,00138,00541
10:56:42.252 -> Raw:-01496,03360,-11472,-09876,32767,-25105,-00137,00147,00593
10:56:42.290 -> Raw:01368,02552,-15232,03461,32767,-19679,-00186,00152,00618
10:56:42.324 -> Raw:02792,00208,-15160,20482,26492,-13908,-00231,00161,00622
10:56:42.362 -> Raw:02688,-02008,-11192,30790,20942,-13293,-00255,00178,00612
10:56:42.400 -> Raw:03392,-02832,-06840,32091,25330,-18837,-00283,00187,00585
10:56:42.438 -> Raw:06824,-06616,-04160,29038,31816,-26593,-00324,00215,00547
10:56:42.438 -> Raw:13160,-14496,-08864,29497,32020,-19070,-00350,00211,00525
10:56:42.471 -> Raw:11696,-15176,-04424,24408,32383,-07490,-00386,00220,00481
10:56:42.509 -> Raw:13872,-16144,-01088,22178,32767,00118,-00391,00220,00443
10:56:42.547 -> Raw:15632,-16896,01232,24417,32767,09079,-00383,00215,00407
10:56:42.581 -> Raw:17200,-17672,04128,25241,32767,15964,-00377,00223,00357
10:56:42.619 -> Raw:18856,-18224,07480,29088,32767,20112,-00362,00225,00326
10:56:42.654 -> Raw:19512,-18560,11168,32015,32767,23790,-00313,00220,00285
10:56:42.692 -> Raw:16952,-22000,11992,28202,32767,21969,-00229,00192,00234
10:56:42.692 -> Raw:13944,-21784,11680,22980,32767,22953,-00167,00175,00239
10:56:42.726 -> Raw:10936,-18848,13296,16654,32767,21358,-00118,00145,00236
10:56:42.764 -> Raw:06456,-15768,14744,14251,32767,20966,-00085,00126,00253
10:56:42.802 -> Raw:02424,-14512,14864,09641,32767,18269,-00054,00100,00295
10:56:42.835 -> Raw:-00872,-13656,11512,02992,32767,18452,-00043,00085,00308
10:56:42.870 -> Raw:-03856,-10584,08528,-04833,26213,16639,-00018,00057,00361
10:56:42.908 -> Raw:-05168,-09832,07024,-13017,20662,14588,-00016,00045,00384
10:56:42.908 -> Raw:-07696,-10200,05936,-23053,18785,14458,-00005,00037,00415
10:56:42.946 -> Raw:-09768,-10336,06400,-23981,13975,17598,-00009,00018,00436
10:56:42.984 -> Raw:-09912,-08784,03472,-21633,14748,24922,-00025,-00013,00446
10:56:43.018 -> Raw:-10688,-08928,00832,-22730,11128,28149,-00024,-00022,00463
10:56:43.056 -> Raw:-11128,-08504,01416,-26620,07158,32173,-00032,-00050,00471
10:56:43.094 -> Raw:-11728,-06168,02880,-28030,06215,32767,-00063,-00096,00467
10:56:43.094 -> Raw:-09792,-01992,02912,-24954,06105,32767,-00081,-00130,00445
10:56:43.132 -> Raw:-08496,02592,03432,-24931,04513,32767,-00101,-00148,00459
10:56:43.170 -> Raw:-09176,07976,04832,-25059,06176,32767,-00151,-00192,00430
10:56:43.208 -> Raw:-08488,05928,06336,-25521,10404,32767,-00194,-00197,00412
10:56:43.246 -> Raw:-05072,11024,07080,-26105,08627,32767,-00225,-00206,00396
10:56:43.284 -> Raw:-05640,14304,09136,-27648,11360,32767,-00263,-00206,00383
10:56:43.284 -> Raw:-05640,20440,10248,-21408,17150,27716,-00298,-00193,00357
10:56:43.322 -> Raw:-04952,20792,10192,-21225,24651,16532,-00301,-00191,00342
10:56:43.360 -> Raw:-03296,17736,10504,-23845,27557,10479,-00305,-00187,00323
10:56:43.398 -> Raw:-04336,20536,12936,-25399,28354,05688,-00293,-00183,00294
10:56:43.431 -> Raw:-05800,21384,16832,-32232,32767,-02676,-00274,-00158,00261
10:56:43.469 -> Raw:-05760,24024,19376,-32768,32767,-07157,-00236,-00136,00227
10:56:43.469 -> Raw:-04208,23512,17960,-32768,32767,-16221,-00190,-00118,00222
10:56:43.504 -> Raw:-04408,20856,13104,-32768,32767,-22342,-00113,-00070,00224
10:56:43.542 -> Raw:-07368,17424,08600,-32359,32767,-21487,-00059,-00030,00241
10:56:43.580 -> Raw:-08984,15024,04208,-24613,32767,-20198,-00024,00012,00290
10:56:43.618 -> Raw:-10024,11760,00640,-23900,32767,-21368,-00000,00050,00346
10:56:43.654 -> Raw:-11120,09408,-01608,-21740,32767,-21774,-00000,00067,00404
10:56:43.691 -> Raw:-10464,07352,-02888,-19705,32767,-18611,-00020,00098,00472
10:56:43.691 -> Raw:-09696,08136,-04104,-19512,32767,-19788,-00029,00110,00499
10:56:43.728 -> Raw:-08392,08728,-05504,-17579,32767,-23194,-00083,00110,00573
10:56:43.766 -> Raw:-07264,07024,-07904,-04173,32767,-19026,-00125,00123,00609
10:56:43.804 -> Raw:-04752,03360,-08472,10361,32767,-12155,-00179,00131,00637
10:56:43.838 -> Raw:-01864,-00400,-08448,20582,32767,-07948,-00220,00141,00635
10:56:43.876 -> Raw:01184,-02520,-08240,28477,32767,-04398,-00245,00152,00631
10:56:43.876 -> Raw:03256,-04800,-06832,32767,32767,-02863,-00300,00185,00609
10:56:43.914 -> Raw:07648,-07608,-05104,31734,32767,-04648,-00328,00206,00579
10:56:43.948 -> Raw:12120,-09776,-08216,26805,32767,-08850,-00360,00208,00533
10:56:43.981 -> Raw:14376,-12688,-08856,21692,29168,-06192,-00377,00218,00495
10:56:44.019 -> Raw:13480,-12008,-04048,16303,25456,-01100,-00377,00216,00457
10:56:44.057 -> Raw:14064,-12808,-01088,10568,27921,-00313,-00386,00220,00448
10:56:44.094 -> Raw:15256,-14712,00784,11416,30218,07834,-00382,00223,00426
10:56:44.094 -> Raw:17008,-14776,03576,17434,32767,17859,-00379,00218,00396
10:56:44.132 -> Raw:17992,-14968,04344,22463,32767,22130,-00355,00236,00362
10:56:44.166 -> Raw:18104,-17640,06344,24950,32767,22041,-00306,00233,00319
10:56:44.199 -> Raw:16216,-18552,07768,26403,32767,22901,-00278,00235,00290
10:56:44.237 -> Raw:13232,-20464,12192,25202,32767,20664,-00244,00213,00268
10:56:44.271 -> Raw:10968,-22592,14768,23498,32767,23237,-00190,00203,00253
10:56:44.309 -> Raw:09368,-21752,15224,23545,32767,29711,-00167,00182,00257
10:56:44.348 -> Raw:07752,-19640,14096,17484,32767,29678,-00108,00142,00252
10:56:44.348 -> Raw:05664,-15648,11464,10554,32767,27202,-00068,00108,00266
10:56:44.381 -> Raw:02752,-12216,10432,05119,30066,24193,-00048,00062,00308
10:56:44.419 -> Raw:-00488,-12184,09272,-02247,31136,20671,-00033,00056,00334
10:56:44.457 -> Raw:-05112,-10400,07840,-09116,18579,20346,-00008,00035,00359
10:56:44.495 -> Raw:-05392,-09024,07936,-13881,14861,15497,-00013,00010,00379
10:56:44.529 -> Raw:-08320,-09968,06832,-18033,12515,19631,-00010,00012,00394
10:56:44.567 -> Raw:-09528,-08896,07088,-20058,09301,22284,-00016,-00022,00410
10:56:44.567 -> Raw:-11504,-07512,06464,-21976,10061,25182,-00027,-00032,00417
10:56:44.605 -> Raw:-09608,-10848,04216,-22391,01981,32767,-00028,-00053,00424
10:56:44.643 -> Raw:-07360,-04472,06336,-25015,-00603,32767,-00060,-00098,00413
10:56:44.679 -> Raw:-07616,00008,06008,-29218,-00991,32767,-00075,-00127,00397
10:56:44.714 -> Raw:-09384,01536,07944,-32768,-02761,32767,-00117,-00148,00378
10:56:44.752 -> Raw:-10640,02880,08240,-30134,02039,31371,-00124,-00150,00366
10:56:44.752 -> Raw:-08616,02984,05336,-23249,-01400,32767,-00159,-00165,00336
10:56:44.785 -> Raw:-08456,07856,06536,-21517,-05426,31271,-00183,-00165,00310
10:56:44.822 -> Raw:-09032,07624,09624,-25984,-08079,27733,-00191,-00167,00318
10:56:44.859 -> Raw:-09864,11216,11976,-26661,-02477,26361,-00227,-00152,00295
10:56:44.897 -> Raw:-09848,12368,12536,-32768,-00566,18008,-00258,-00138,00276
10:56:44.935 -> Raw:-08568,07536,14704,-32768,04890,13344,-00250,-00116,00250
10:56:44.973 -> Raw:-10904,06016,19488,-32768,12191,08637,-00254,-00100,00236
10:56:44.973 -> Raw:-10808,05024,22552,-32768,19960,00994,-00231,-00043,00215
10:56:45.006 -> Raw:-13144,04328,17976,-32768,24473,03241,-00216,-00010,00196
10:56:45.044 -> Raw:-14472,00600,18832,-32768,32767,-02140,-00198,00013,00197
10:56:45.077 -> Raw:-09728,00216,16080,-32768,32767,-00856,-00164,00065,00206
10:56:45.115 -> Raw:-15896,01416,13600,-32214,27499,-10388,-00139,00091,00243
10:56:45.153 -> Raw:-16184,-00752,07480,-26452,26635,-08118,-00109,00123,00266
10:56:45.191 -> Raw:-16448,-02368,06944,-30288,27922,-10411,-00106,00143,00296
10:56:45.191 -> Raw:-15112,-02360,01904,-16521,24855,-06653,-00095,00171,00329
10:56:45.229 -> Raw:-15104,-01920,-02112,00672,14850,-02478,-00110,00170,00359
10:56:45.267 -> Raw:-13888,-04584,-05504,13235,03724,02626,-00108,00177,00364
10:56:45.305 -> Raw:-14488,-06488,-03104,22126,-05472,03925,-00095,00171,00350
10:56:45.343 -> Raw:-15296,-06296,-02520,28184,-08179,05341,-00090,00166,00340
10:56:45.381 -> Raw:-14736,-07040,-01136,25790,-06966,03871,-00097,00155,00313
10:56:45.381 -> Raw:-14632,-07768,00264,23135,-05912,04645,-00108,00140,00285
10:56:45.419 -> Raw:-15352,-07336,00272,17333,-02064,04084,-00100,00125,00280
10:56:45.454 -> Raw:-14904,-06040,00640,11724,00267,02577,-00102,00115,00262
10:56:45.487 -> Raw:-15072,-06416,-00088,07835,00897,02039,-00105,00112,00259
10:56:45.525 -> Raw:-15184,-05120,00512,07441,00268,04103,-00104,00106,00258
10:56:45.559 -> Raw:-14664,-04696,00360,07492,00898,02762,-00095,00091,00268
10:56:45.597 -> Raw:-15192,-04560,01496,06209,-00265,03487,-00098,00091,00253
10:56:45.597 -> Raw:-15384,-03760,01296,04921,-00620,02497,-00106,00088,00253
10:56:45.635 -> Raw:-15584,-03728,01096,01795,00345,01051,-00100,00082,00239
10:56:45.669 -> Raw:-15768,-04336,01432,-00378,01187,-00074,-00095,00088,00253
10:56:45.707 -> Raw:-15600,-04264,01320,-00550,01021,00093,-00089,00085,00249
10:56:45.745 -> Raw:-15632,-04176,01704,00839,-00259,00454,-00094,00087,00259
10:56:45.783 -> Raw:-15904,-03640,01776,01259,-00655,00508,-00100,00077,00259
10:56:45.783 -> Raw:-15848,-03432,01968,00380,00048,-00135,-00097,00072,00252
10:56:45.818 -> Raw:-15912,-03960,01768,-00370,00722,-00902,-00095,00076,00245
10:56:45.856 -> Raw:-15720,-04360,01608,00487,00206,00358,-00093,00078,00253
10:56:45.894 -> Raw:-15760,-04152,01752,00238,00293,00793,-00105,00087,00254
10:56:45.932 -> Raw:-15840,-03552,01864,00264,00999,-00362,-00101,00083,00253
10:56:45.969 -> Raw:-15704,-03640,02312,01237,00677,00136,-00095,00073,00253
10:56:45.969 -> Raw:-15872,-03672,02184,01491,-00147,00572,-00089,00080,00244
10:56:46.007 -> Raw:-16240,-03152,01960,-00240,00102,00012,-00089,00077,00254
10:56:46.040 -> Raw:-16288,-03288,01624,-00938,00156,-01535,-00095,00088,00250
10:56:46.073 -> Raw:-15968,-03816,02088,-00607,-00400,-00733,-00091,00080,00254
10:56:46.106 -> Raw:-15904,-04080,01904,-01729,-00142,-00450,-00089,00080,00249
10:56:46.139 -> Raw:-15752,-04288,02320,-02489,00074,-00954,-00101,00088,00253
10:56:46.174 -> Raw:-15544,-06016,03232,02057,00662,01282,-00089,00075,00252
10:56:46.208 -> Raw:-15784,-03384,01536,01557,01219,00293,-00095,00081,00253
10:56:46.246 -> Raw:-15664,-03384,01224,01136,00336,-00652,-00091,00075,00259
10:56:46.284 -> Raw:-15960,-04408,01560,00715,-01194,-00471,-00091,00090,00254
10:56:46.284 -> Raw:-16104,-04552,01328,00360,-00607,-00957,-00093,00078,00250
10:56:46.322 -> Raw:-16024,-04120,02016,00911,-00617,-00352,-00108,00087,00247
10:56:46.361 -> Raw:-17272,-04240,01240,02049,-00525,-00531,-00090,00083,00248
10:56:46.399 -> Raw:-16128,-04776,01768,00680,-00413,00085,-00095,00076,00253
10:56:46.433 -> Raw:-16032,-04080,01968,-00129,-00057,-01056,-00094,00085,00252
10:56:46.471 -> Raw:-15632,-04376,02040,00627,-01384,-00121,-00098,00086,00250
10:56:46.471 -> Raw:-15952,-04456,01672,00786,-00928,-01498,-00100,00085,00252
10:56:46.505 -> Raw:-15680,-04224,01936,00874,-00237,-01933,-00101,00086,00250
10:56:46.538 -> Raw:-15416,-04632,02280,02228,-00934,-00713,-00102,00082,00247
10:56:46.576 -> Raw:-15616,-04744,02272,01928,-00643,-01860,-00098,00091,00235
10:56:46.614 -> Raw:-15288,-04872,02280,02370,-00598,-02266,-00087,00083,00250
10:56:46.652 -> Raw:-16344,-05216,01816,00593,00352,-01228,-00089,00082,00234
10:56:46.689 -> Raw:-15576,-05224,01632,00834,00682,-00650,-00093,00088,00240
10:56:46.689 -> Raw:-15464,-05040,05440,04762,-02557,-00615,-00097,00085,00241
