11:32:10.119 -> Raw:-14704,01376,07392,-04599,-02831,-00086,00249,00173,-00395
11:32:10.153 -> Raw:-14768,02016,06816,-08511,-01585,00003,00239,00178,-00397
11:32:10.187 -> Raw:-14640,03392,04504,-16549,-00790,-01587,00241,00178,-00392
11:32:10.223 -> Raw:-13008,02032,03600,-25154,-04485,-09818,00235,00202,-00398
11:32:10.257 -> Raw:-14088,-00064,04696,-21671,-16406,-14667,00229,00219,-00403
11:32:10.297 -> Raw:-11400,-03032,05232,-13781,-22956,-08805,00219,00244,-00406
11:32:10.332 -> Raw:-08320,-07344,08376,-12203,-25253,-18058,00180,00263,-00410
11:32:10.366 -> Raw:-08480,-07960,11424,-16594,-30549,-23157,00158,00277,-00421
11:32:10.400 -> Raw:-06024,-09632,15424,-05572,-32768,-11641,00135,00283,-00420
11:32:10.400 -> Raw:-04064,-08232,17200,-01873,-28149,-05261,00092,00290,-00405
11:32:10.437 -> Raw:-01552,-07088,18592,-00108,-23598,-08226,00058,00303,-00412
11:32:10.474 -> Raw:01048,-08832,20944,07660,-16092,-18644,00031,00300,-00407
11:32:10.511 -> Raw:01184,-09736,20944,08552,-01677,-20994,00022,00291,-00408
11:32:10.544 -> Raw:05240,-10968,19240,22096,06184,-27939,00007,00278,-00395
11:32:10.582 -> Raw:02504,-11272,19688,27081,21266,-32768,00007,00245,-00400
11:32:10.617 -> Raw:02688,-12896,16824,32767,32701,-32768,00015,00201,-00412
11:32:10.652 -> Raw:-00408,-12600,12472,32767,32743,-31074,00081,00150,-00398
11:32:10.652 -> Raw:-05072,-09760,10928,32767,30171,-12904,00126,00113,-00396
11:32:10.685 -> Raw:-06912,00736,08072,25573,22279,-01514,00159,00072,-00365
11:32:10.723 -> Raw:-06344,-00208,12128,30598,15099,-15416,00173,00058,-00346
11:32:10.759 -> Raw:-08200,01304,11920,31431,20662,-14298,00204,00037,-00322
11:32:10.793 -> Raw:-09616,05336,07976,29287,19331,-10303,00232,00026,-00276
11:32:10.826 -> Raw:-10464,05368,06104,17424,08838,-11176,00249,00024,-00267
11:32:10.859 -> Raw:-09520,02488,05456,14464,04316,-10798,00260,00007,-00237
11:32:10.897 -> Raw:-09632,04496,03672,11185,03648,-05464,00277,00013,-00226
11:32:10.935 -> Raw:-11296,06408,05824,-00146,-04990,-04563,00293,00021,-00218
11:32:10.935 -> Raw:-16880,03664,10936,02779,-03880,-02972,00300,00017,-00212
11:32:10.972 -> Raw:-17616,06488,09824,09538,02223,04491,00296,00023,-00218
11:32:11.010 -> Raw:-16920,12000,07792,04277,05604,12071,00308,00027,-00207
11:32:11.045 -> Raw:-11424,17440,03424,01985,05741,10539,00308,00012,-00207
11:32:11.078 -> Raw:-19000,14944,07208,-02816,-01026,06195,00288,00011,-00198
11:32:11.116 -> Raw:-16720,21880,05928,-12973,03691,03146,00304,-00003,-00196
11:32:11.150 -> Raw:-19336,16504,07072,07813,-04906,-15951,00284,-00004,-00207
11:32:11.150 -> Raw:-20064,06504,08320,-25726,-15397,32767,00288,00001,-00223
11:32:11.183 -> Raw:-16040,10672,12944,-32768,-14124,32767,00215,-00007,-00267
11:32:11.221 -> Raw:-21296,08672,13552,-32768,-16826,32767,00158,00001,-00313
11:32:11.254 -> Raw:-16048,07112,10312,-32768,-15945,32767,00099,00033,-00363
11:32:11.292 -> Raw:-13536,06880,11784,-32768,-19201,32767,00019,00088,-00401
11:32:11.330 -> Raw:-11936,04872,12760,-32768,-23467,32767,-00010,00178,-00420
11:32:11.365 -> Raw:-11528,-00160,09384,-32768,-27345,32535,-00042,00265,-00392
11:32:11.403 -> Raw:-07336,-05536,03392,-32768,-31855,32767,-00057,00326,-00358
11:32:11.403 -> Raw:-04528,-05080,02112,-32768,-32768,27893,-00054,00376,-00303
11:32:11.437 -> Raw:-01768,-01840,-00136,-32768,-32768,07586,-00051,00408,-00233
11:32:11.470 -> Raw:02632,-00600,-07640,-32768,-30307,-09683,-00051,00418,-00161
11:32:11.503 -> Raw:05728,01832,-11528,-32768,-27428,-13773,-00039,00404,-00102
11:32:11.541 -> Raw:10560,-00992,-16560,-32768,-17949,-21134,-00033,00361,-00043
11:32:11.578 -> Raw:12984,-01360,-21032,-32768,-01988,-31609,-00034,00310,-00002
11:32:11.612 -> Raw:17824,-03032,-24024,-32768,03951,-27634,-00033,00252,00026
11:32:11.651 -> Raw:20344,-05472,-24520,-32768,10952,-15912,-00030,00195,00018
11:32:11.651 -> Raw:18456,00304,-26680,-32768,24475,-15796,-00047,00144,-00000
11:32:11.688 -> Raw:16816,03568,-29056,-32768,32693,-16965,-00047,00111,-00037
11:32:11.722 -> Raw:19896,00432,-30624,-32768,32767,-10419,-00069,00077,-00085
11:32:11.760 -> Raw:19624,-08512,-27936,-32768,32767,00338,-00059,00055,-00168
11:32:11.798 -> Raw:20816,-03432,-22032,-17053,32767,10188,-00055,00059,-00227
11:32:11.836 -> Raw:22520,-00840,-17824,-04175,32767,12532,-00054,00063,-00253
11:32:11.870 -> Raw:17776,00744,-13984,05958,32767,14495,-00031,00069,-00290
11:32:11.870 -> Raw:11368,-01496,-12080,20086,32767,15722,-00015,00069,-00322
11:32:11.908 -> Raw:12384,-02008,-08960,32767,32767,15138,00011,00063,-00328
11:32:11.941 -> Raw:10176,-01064,-04408,32767,32767,03804,00033,00053,-00316
11:32:11.976 -> Raw:08760,04376,-04744,32767,32767,00496,00057,00028,-00288
11:32:12.015 -> Raw:05344,11952,-04896,32767,32767,01607,00069,00002,-00255
11:32:12.053 -> Raw:03544,11984,-04016,32767,32767,-00028,00091,-00003,-00211
11:32:12.090 -> Raw:-01200,18952,-01592,32767,32767,03438,00107,-00003,-00183
11:32:12.090 -> Raw:00712,21904,04400,23874,32767,04241,00099,-00003,-00156
11:32:12.124 -> Raw:01536,20944,-00048,13770,32767,06153,00091,-00006,-00133
11:32:12.161 -> Raw:-02016,21688,00528,09725,32767,08476,00081,-00006,-00138
11:32:12.199 -> Raw:01768,26688,01192,00026,32767,24155,00065,-00006,-00141
11:32:12.237 -> Raw:04176,26920,-02048,-13336,32767,32767,00030,-00003,-00158
11:32:12.271 -> Raw:03800,30896,-03568,-26788,32767,32767,-00015,00029,-00217
11:32:12.305 -> Raw:-05304,30544,-00256,-32601,32767,32767,-00065,00070,-00283
11:32:12.343 -> Raw:01024,24648,06448,-29238,28948,32767,-00082,00134,-00337
11:32:12.343 -> Raw:11664,21184,12128,-31059,26823,32767,-00085,00178,-00355
11:32:12.377 -> Raw:10624,16840,12856,-32768,32767,32767,-00082,00233,-00397
11:32:12.415 -> Raw:03136,09224,10400,-32768,32767,32767,-00023,00280,-00397
11:32:12.452 -> Raw:00280,05640,10408,-31762,32767,32767,00006,00331,-00408
11:32:12.485 -> Raw:-06440,04832,09296,-32768,32767,32767,00071,00372,-00395
11:32:12.519 -> Raw:-08576,04464,09000,-32768,27885,25480,00119,00390,-00372
11:32:12.557 -> Raw:-07664,05048,08944,-32548,21807,09441,00163,00426,-00321
11:32:12.557 -> Raw:-07024,03504,06104,-32768,20940,-04983,00183,00439,-00275
11:32:12.591 -> Raw:-06768,00464,00384,-32768,17816,-12018,00175,00452,-00230
11:32:12.629 -> Raw:-05120,-01248,-04648,-32768,12877,-20073,00162,00454,-00185
11:32:12.662 -> Raw:-03560,-03672,-11952,-32768,08508,-26926,00139,00448,-00113
11:32:12.696 -> Raw:-05976,-11464,-17840,-32768,-00041,-24785,00112,00428,-00061
11:32:12.734 -> Raw:-03088,-18528,-14920,-32768,-10707,-23993,00086,00396,-00011
11:32:12.772 -> Raw:06808,-15032,-13424,-32768,-02843,-26311,00078,00373,00011
11:32:12.807 -> Raw:08600,-11952,-14552,-32768,16356,-31114,00062,00334,00043
11:32:12.841 -> Raw:08088,-12008,-20800,-32768,29106,-32768,00027,00299,00036
11:32:12.841 -> Raw:09552,-12040,-24160,-32768,31743,-32768,-00006,00262,00038
11:32:12.879 -> Raw:13048,-14984,-25072,-32768,31598,-25591,-00030,00214,00031
11:32:12.915 -> Raw:13712,-14056,-26152,-32768,32767,-24699,-00053,00176,00002
11:32:12.949 -> Raw:15032,-11760,-23568,-31535,32767,-12579,-00069,00136,-00027
11:32:12.987 -> Raw:11920,-12224,-20648,-24221,32767,-04510,-00087,00111,-00072
11:32:13.021 -> Raw:16184,-09960,-19616,-07123,32767,-04649,-00087,00091,-00115
11:32:13.058 -> Raw:20328,-06584,-14952,03595,32767,-02238,-00096,00095,-00158
11:32:13.058 -> Raw:16912,-04200,-12856,08136,32767,-00557,-00086,00088,-00181
11:32:13.096 -> Raw:15888,-04408,-09616,10286,32767,-01436,-00081,00083,-00216
11:32:13.134 -> Raw:13960,-05520,-06376,20095,32767,-07956,-00065,00083,-00246
11:32:13.171 -> Raw:15424,-04960,-03752,27366,32767,-03794,-00054,00065,-00248
11:32:13.209 -> Raw:14320,-02648,-03544,32767,32767,00190,-00019,00048,-00256
11:32:13.244 -> Raw:10344,-01720,-02992,32767,32767,02182,-00007,00049,-00255
11:32:13.277 -> Raw:12352,00208,-02520,32767,32767,03667,-00000,00029,-00245
11:32:13.277 -> Raw:08776,07304,-02160,32767,32767,07292,00003,00026,-00218
11:32:13.310 -> Raw:08432,11744,-01448,32767,32483,08816,00011,00023,-00196
11:32:13.349 -> Raw:10872,12184,00456,32767,31351,03235,00011,00028,-00168
11:32:13.387 -> Raw:05488,18952,00480,32767,27418,-05354,00006,00021,-00143
11:32:13.420 -> Raw:08480,20696,01352,27116,27455,-06754,00011,00018,-00131
11:32:13.458 -> Raw:07576,21488,01440,21182,29745,-07907,00007,00019,-00125
11:32:13.496 -> Raw:07400,19544,01072,13305,32767,-09644,00015,00019,-00117
11:32:13.496 -> Raw:07736,17744,-04224,09792,32767,-05683,00013,00009,-00127
11:32:13.532 -> Raw:05360,21808,-06600,03918,32767,08865,00011,00011,-00133
11:32:13.565 -> Raw:01192,32767,-05928,-11612,32767,32320,-00005,00007,-00157
11:32:13.603 -> Raw:-02704,32767,-05480,-32768,32767,32767,-00023,00012,-00190
11:32:13.637 -> Raw:-00600,28480,-05344,-32768,32767,32767,-00077,00077,-00312
11:32:13.675 -> Raw:-02528,24712,-00688,-32768,32767,32767,-00069,00159,-00367
11:32:13.708 -> Raw:-02640,15400,05536,-32768,28753,23995,-00054,00222,-00408
11:32:13.744 -> Raw:01056,11624,09072,-32768,19731,22972,-00033,00259,-00408
11:32:13.744 -> Raw:01280,06584,09320,-32768,19106,18501,-00007,00318,-00410
11:32:13.782 -> Raw:-01472,04816,08736,-32768,16671,12766,00015,00362,-00395
11:32:13.820 -> Raw:-02560,03392,08232,-32768,18205,17012,00042,00392,-00365
11:32:13.854 -> Raw:-04496,01984,05528,-32768,17117,18923,00066,00422,-00332
11:32:13.888 -> Raw:-05448,00464,02432,-32768,12378,07097,00098,00452,-00275
11:32:13.925 -> Raw:-03744,-05592,-04888,-32768,09426,-02460,00098,00459,-00205
11:32:13.963 -> Raw:-03672,-12904,-10824,-32768,09037,-08145,00094,00453,-00141
11:32:14.001 -> Raw:-01912,-12016,-12992,-32768,07349,-19736,00087,00437,-00082
11:32:14.001 -> Raw:-01224,-20880,-14448,-32768,06147,-15212,00074,00414,-00052
11:32:14.035 -> Raw:-01688,-25568,-11280,-32505,02163,-15899,00057,00386,-00013
11:32:14.073 -> Raw:02592,-15384,-13008,-24737,08598,-17750,00042,00360,00002
11:32:14.111 -> Raw:02608,-16408,-15264,-23750,13352,-16109,00038,00351,00008
11:32:14.145 -> Raw:02176,-18232,-16120,-20646,17208,-19391,00025,00344,00021
11:32:14.179 -> Raw:04176,-15856,-17304,-18813,20237,-24803,-00021,00290,00020
11:32:14.217 -> Raw:05792,-13632,-17472,-19346,20197,-19827,-00045,00263,00015
11:32:14.217 -> Raw:08864,-12256,-16232,-17029,20462,-17841,-00057,00234,00003
11:32:14.251 -> Raw:12552,-09400,-16680,-18155,25138,-17383,-00079,00213,-00012
11:32:14.285 -> Raw:13864,-08376,-17304,-17671,30404,-18708,-00090,00196,-00030
11:32:14.323 -> Raw:15752,-05896,-16608,-18150,32767,-21049,-00107,00172,-00056
11:32:14.358 -> Raw:13632,-07456,-16448,-20312,32767,-12441,-00115,00142,-00103
11:32:14.392 -> Raw:20272,-09952,-12600,-09022,32126,-07485,-00124,00126,-00137
11:32:14.425 -> Raw:18200,-07096,-13184,-01666,32767,-07733,-00112,00114,-00165
11:32:14.460 -> Raw:19152,-06656,-10696,05533,32767,-02812,-00099,00115,-00208
11:32:14.494 -> Raw:17448,-04968,-06888,13324,32767,-03147,-00088,00103,-00233
11:32:14.532 -> Raw:17968,-04808,-02720,20681,32767,05690,-00082,00101,-00267
11:32:14.532 -> Raw:17456,-03136,-02104,27460,32767,07091,-00059,00095,-00288
11:32:14.565 -> Raw:15368,-02672,-00248,32767,32767,04529,-00049,00090,-00283
11:32:14.603 -> Raw:12680,-02256,02096,32767,32767,-00813,-00034,00072,-00282
11:32:14.641 -> Raw:06352,00072,-00392,32767,32767,-03764,-00007,00044,-00282
11:32:14.675 -> Raw:04536,07264,01992,32767,32767,05127,00015,00029,-00260
11:32:14.713 -> Raw:08632,07872,04208,32767,32767,10192,00023,00014,-00235
11:32:14.751 -> Raw:06424,08080,03400,32767,32767,10615,00033,00011,-00211
11:32:14.751 -> Raw:07024,15184,03216,31713,32767,09731,00026,-00000,-00192
11:32:14.789 -> Raw:06288,17624,02552,18930,32767,16308,00015,00009,-00190
11:32:14.827 -> Raw:00176,18024,01864,05729,32767,31121,00022,00008,-00201
11:32:14.865 -> Raw:01944,19848,02624,02284,32767,32767,-00009,00036,-00218
11:32:14.898 -> Raw:04496,31104,03992,-08267,32767,32767,-00041,00043,-00248
11:32:14.937 -> Raw:08968,32767,04936,-25252,32767,32767,-00067,00083,-00291
11:32:14.937 -> Raw:06904,28032,06144,-32768,32767,32767,-00086,00130,-00331
11:32:14.971 -> Raw:04912,19376,09544,-32768,32767,32767,-00067,00185,-00381
11:32:15.004 -> Raw:01416,13160,09584,-32768,32767,32263,-00055,00240,-00402
11:32:15.038 -> Raw:-01032,09432,10032,-32768,32767,23002,-00010,00295,-00420
11:32:15.071 -> Raw:-02320,06344,09064,-32768,32730,21734,00027,00336,-00408
11:32:15.109 -> Raw:-03760,05152,07488,-32768,32710,19362,00066,00377,-00385
11:32:15.147 -> Raw:-04448,03512,04528,-32768,32767,13908,00108,00399,-00362
11:32:15.181 -> Raw:-05912,00312,00880,-32768,28961,04819,00146,00427,-00297
11:32:15.219 -> Raw:-02424,-02640,-02032,-32768,27221,-10169,00158,00445,-00256
11:32:15.219 -> Raw:-02432,-04024,-07664,-32768,26145,-15029,00152,00453,-00173
11:32:15.257 -> Raw:-06112,-09008,-13840,-32768,22768,-06506,00138,00447,-00130
11:32:15.292 -> Raw:-07608,-15632,-14672,-32768,18040,-02878,00132,00434,-00075
11:32:15.326 -> Raw:-06536,-21088,-14344,-32073,16469,-03895,00118,00411,-00031
11:32:15.364 -> Raw:-04656,-16904,-15088,-17511,20532,-01852,00112,00393,-00013
11:32:15.401 -> Raw:-08928,-15192,-16680,-11401,21945,-14863,00094,00391,-00006
11:32:15.439 -> Raw:-07760,-18424,-17304,-06057,21218,-32768,00075,00391,-00008
11:32:15.439 -> Raw:-01264,-18360,-18528,-00751,23523,-32768,00037,00380,-00007
11:32:15.477 -> Raw:08952,-17640,-19336,-02373,32267,-32768,-00021,00357,-00015
11:32:15.515 -> Raw:16432,-19656,-18680,-09119,32767,-32768,-00083,00316,-00033
11:32:15.553 -> Raw:11968,-15504,-21120,-10778,32767,-32768,-00120,00272,-00063
11:32:15.588 -> Raw:04360,-16680,-17064,-16225,32767,-32768,-00139,00202,-00146
11:32:15.626 -> Raw:16976,-12176,-02112,-19021,08692,-15720,-00143,00161,-00222
11:32:15.626 -> Raw:20848,-15488,-05968,04365,32767,-07918,-00135,00146,-00240
11:32:15.661 -> Raw:18344,-05872,-04264,18843,30884,-09506,-00103,00139,-00265
11:32:15.696 -> Raw:17752,-03920,-05440,17616,22199,-05258,-00103,00124,-00275
11:32:15.734 -> Raw:18376,-04984,-01440,23286,21787,-05655,-00078,00100,-00273
11:32:15.767 -> Raw:16128,-05296,-00768,24067,26011,04584,-00058,00096,-00282
11:32:15.803 -> Raw:14392,-03520,00360,28770,21160,12282,-00049,00090,-00281
11:32:15.841 -> Raw:17272,-02480,02760,32767,23188,13486,-00051,00083,-00278
11:32:15.879 -> Raw:15688,-00080,02320,32767,27521,13549,-00049,00083,-00268
11:32:15.879 -> Raw:12552,-00616,-00016,32767,25556,10074,-00042,00064,-00260
11:32:15.912 -> Raw:15048,04232,02040,32767,26626,15211,-00037,00062,-00235
11:32:15.950 -> Raw:12560,07832,-00232,32767,26228,07433,-00039,00057,-00215
11:32:15.989 -> Raw:10384,10528,00520,32767,25793,06102,-00043,00060,-00206
11:32:16.027 -> Raw:10584,11392,02824,32767,26693,07595,-00045,00049,-00190
11:32:16.065 -> Raw:10200,12240,02224,32767,27740,05766,-00038,00043,-00178
11:32:16.065 -> Raw:11152,14856,04096,28595,28835,05110,-00043,00053,-00178
11:32:16.099 -> Raw:16752,16080,05568,15549,32767,14157,-00057,00068,-00188
11:32:16.137 -> Raw:10064,19400,00472,09356,32767,22056,-00070,00070,-00211
11:32:16.172 -> Raw:13128,25064,-01712,-00651,32767,32767,-00081,00078,-00246
11:32:16.205 -> Raw:25544,32767,01344,-17917,32767,32767,-00100,00116,-00290
11:32:16.243 -> Raw:21608,32056,-00800,-32768,32767,32767,-00091,00180,-00346
11:32:16.279 -> Raw:06128,22216,00128,-32768,32767,29454,-00043,00239,-00406
11:32:16.313 -> Raw:-01496,13624,05088,-28347,32767,16312,00023,00300,-00435
11:32:16.313 -> Raw:-01376,10440,09768,-23022,32767,08937,00081,00329,-00426
11:32:16.351 -> Raw:-02496,09744,10808,-24474,32767,03933,00126,00344,-00421
11:32:16.389 -> Raw:-04328,06432,09968,-29609,32767,-01646,00162,00360,-00392
11:32:16.425 -> Raw:-05736,03680,06368,-31980,32767,-03897,00184,00396,-00348
11:32:16.463 -> Raw:-07800,02856,02112,-31956,32767,-17196,00207,00404,-00317
11:32:16.501 -> Raw:-05976,01976,-01832,-32768,27158,-32768,00207,00429,-00267
11:32:16.501 -> Raw:-02640,-02920,-05936,-32768,19063,-32768,00171,00450,-00233
11:32:16.539 -> Raw:01256,-06384,-14536,-32768,13935,-32768,00108,00454,-00187
11:32:16.572 -> Raw:02136,-17168,-22888,-32768,07263,-32768,00053,00444,-00150
11:32:16.610 -> Raw:03480,-26120,-17104,-32768,-00989,-32768,00017,00413,-00061
11:32:16.648 -> Raw:11040,-19576,-12592,-16464,11388,-32768,-00017,00388,-00048
11:32:16.686 -> Raw:12792,-19464,-14344,-16778,24306,-32768,-00058,00362,-00047
11:32:16.686 -> Raw:11576,-20456,-17160,-07726,32031,-32768,-00092,00332,-00055
11:32:16.720 -> Raw:15968,-16816,-16688,-04695,30952,-32768,-00123,00284,-00088
11:32:16.758 -> Raw:16768,-16256,-13976,-06064,28010,-32768,-00135,00245,-00107
11:32:16.796 -> Raw:17888,-17000,-10144,-04845,26964,-28429,-00147,00214,-00136
11:32:16.832 -> Raw:19848,-14248,-07800,-00135,32292,-17879,-00136,00182,-00168
11:32:16.865 -> Raw:17920,-11768,-11256,05209,32767,-17185,-00132,00154,-00205
11:32:16.903 -> Raw:18904,-09144,-04904,09107,32767,-13381,-00114,00139,-00232
11:32:16.939 -> Raw:18624,-11336,-01592,12744,32767,-02384,-00098,00114,-00252
11:32:16.939 -> Raw:17928,-08952,00288,21938,32767,06351,-00069,00109,-00285
11:32:16.973 -> Raw:17056,-06520,01976,29151,32767,10685,-00070,00110,-00286
11:32:17.006 -> Raw:14848,-04848,03048,32767,32357,09636,-00062,00103,-00288
11:32:17.040 -> Raw:14336,-02864,03344,32767,32767,10951,-00054,00093,-00291
11:32:17.076 -> Raw:10584,-01040,01048,32767,32767,08733,-00030,00083,-00293
11:32:17.114 -> Raw:07168,05784,02440,32767,27469,10126,-00027,00043,-00261
11:32:17.152 -> Raw:09600,06016,04200,32767,28714,12878,-00018,00052,-00245
11:32:17.189 -> Raw:08120,05464,03568,32767,28427,11275,-00018,00047,-00225
11:32:17.189 -> Raw:07088,09032,02744,32767,25346,09070,-00013,00032,-00217
11:32:17.226 -> Raw:06128,13456,01520,32767,25454,08592,-00022,00026,-00206
11:32:17.264 -> Raw:04696,15080,03496,29675,22868,05591,-00026,00044,-00185
11:32:17.302 -> Raw:06536,15368,02216,23278,26257,10165,-00031,00034,-00185
11:32:17.337 -> Raw:04968,19024,-00528,23272,25367,12371,-00043,00031,-00166
11:32:17.375 -> Raw:07504,18680,00840,19856,26986,18485,-00062,00038,-00176
11:32:17.408 -> Raw:13256,21216,-02064,12202,32767,29909,-00081,00053,-00196
11:32:17.408 -> Raw:14216,23672,-01416,02103,32767,29257,-00092,00069,-00207
11:32:17.442 -> Raw:19592,26200,02144,-11941,32767,31058,-00110,00080,-00256
11:32:17.480 -> Raw:21656,27952,01232,-23938,32767,30490,-00112,00120,-00298
11:32:17.518 -> Raw:18528,25784,-01024,-32768,32767,26626,-00083,00162,-00353
11:32:17.556 -> Raw:08192,20184,-02304,-32768,32767,19197,-00035,00207,-00418
11:32:17.593 -> Raw:00080,17080,01088,-32768,32767,01482,00039,00260,-00440
11:32:17.626 -> Raw:-03032,12216,05712,-32768,32767,-09832,00144,00306,-00421
11:32:17.626 -> Raw:-02896,07312,07592,-32768,32227,-13007,00163,00341,-00408
11:32:17.663 -> Raw:-02176,04984,06040,-32768,30353,-22570,00192,00371,-00388
11:32:17.700 -> Raw:-02296,-00392,05152,-32768,29051,-32768,00179,00411,-00333
11:32:17.736 -> Raw:-01568,-02920,-00904,-32768,25270,-32768,00163,00443,-00288
11:32:17.771 -> Raw:-00464,-06936,-06592,-32768,12986,-32768,00140,00449,-00235
11:32:17.809 -> Raw:05656,-14328,-09840,-32768,12389,-32768,00088,00465,-00181
11:32:17.842 -> Raw:03832,-19800,-11192,-32768,08661,-32768,00047,00454,-00120
11:32:17.876 -> Raw:05312,-18696,-10600,-29790,10858,-32768,00007,00427,-00087
11:32:17.876 -> Raw:06824,-19320,-12136,-23380,19785,-32768,-00027,00398,-00068
11:32:17.914 -> Raw:07904,-18352,-15576,-17683,24054,-32768,-00065,00378,-00068
11:32:17.947 -> Raw:10848,-16448,-16864,-16094,22313,-32768,-00086,00349,-00086
11:32:17.985 -> Raw:13144,-18248,-16448,-17878,20128,-32768,-00123,00311,-00093
11:32:18.023 -> Raw:17936,-20000,-13568,-14598,22354,-32768,-00138,00270,-00105
11:32:18.057 -> Raw:20096,-18152,-12376,-10936,28918,-26407,-00144,00242,-00121
11:32:18.095 -> Raw:21776,-16360,-10608,-00843,32767,-22709,-00155,00199,-00153
11:32:18.095 -> Raw:22568,-15912,-09440,07154,32767,-21671,-00146,00168,-00195
11:32:18.133 -> Raw:20592,-13552,-07640,13262,32767,-13821,-00131,00152,-00226
11:32:18.167 -> Raw:19992,-11560,-04688,19282,32767,-02666,-00091,00127,-00273
11:32:18.205 -> Raw:19232,-10984,-00584,30446,32767,04702,-00077,00099,-00285
11:32:18.243 -> Raw:15992,-08856,00984,32767,32767,11491,-00055,00096,-00302
11:32:18.280 -> Raw:15024,-04312,02496,32767,32767,14245,-00038,00090,-00303
11:32:18.318 -> Raw:15192,-01000,00872,32767,32767,16493,-00015,00069,-00297
11:32:18.318 -> Raw:13968,04424,-00000,32767,32767,17710,-00005,00054,-00285
11:32:18.356 -> Raw:13952,10896,-00760,32767,32767,20016,-00005,00042,-00265
11:32:18.394 -> Raw:09520,12976,00704,32767,32767,12816,-00003,00028,-00246
11:32:18.427 -> Raw:06776,15248,01368,32767,32767,08130,-00009,00023,-00218
11:32:18.461 -> Raw:04408,16024,01632,21508,32767,15430,00003,00023,-00211
11:32:18.499 -> Raw:05536,16920,-00096,10018,32767,25393,-00002,00002,-00222
11:32:18.532 -> Raw:09496,19720,-02272,03515,32767,32767,-00013,00024,-00255
11:32:18.566 -> Raw:11448,26240,-02192,-02849,32767,32767,-00033,00043,-00291
11:32:18.604 -> Raw:13360,29168,-02248,-09868,32767,32767,-00035,00070,-00328
11:32:18.604 -> Raw:12328,27696,-00408,-19630,32767,30722,-00017,00110,-00378
11:32:18.640 -> Raw:08848,23184,01488,-24802,32767,29744,00022,00140,-00423
11:32:18.674 -> Raw:10176,21120,03256,-21548,32767,28556,00077,00181,-00447
11:32:18.712 -> Raw:05496,21232,02792,-21329,32767,15996,00142,00197,-00443
11:32:18.746 -> Raw:00648,18824,02384,-22072,32767,02176,00205,00207,-00428
11:32:18.780 -> Raw:-03464,14760,02368,-24928,32767,-06007,00257,00226,-00397
11:32:18.818 -> Raw:-06888,11568,02472,-25830,32767,-11823,00298,00259,-00368
11:32:18.818 -> Raw:-07360,08344,01640,-26521,32767,-29154,00326,00288,-00332
11:32:18.856 -> Raw:-07392,06544,-00128,-32768,27653,-32768,00334,00332,-00282
11:32:18.893 -> Raw:-08208,01488,-01472,-32768,20681,-32768,00314,00373,-00238
11:32:18.931 -> Raw:-08200,-05096,-03656,-32768,16027,-32768,00266,00413,-00191
11:32:18.969 -> Raw:-02840,-08584,-08792,-32768,13698,-32768,00183,00447,-00127
11:32:19.003 -> Raw:-00304,-15472,-11256,-32768,09452,-32768,00139,00445,-00096
11:32:19.041 -> Raw:03432,-24416,-08192,-19893,15275,-32768,00078,00438,-00061
11:32:19.041 -> Raw:06880,-19312,-09064,-02876,19618,-32768,00014,00426,-00061
11:32:19.079 -> Raw:11760,-15776,-11800,-08956,23282,-32768,-00041,00391,-00071
11:32:19.117 -> Raw:16432,-19216,-10880,-16305,26688,-32768,-00086,00354,-00078
11:32:19.151 -> Raw:18312,-20120,-09560,-11426,30423,-32768,-00120,00311,-00091
11:32:19.185 -> Raw:18784,-17248,-09384,-11250,29791,-32768,-00139,00244,-00128
11:32:19.219 -> Raw:18072,-14336,-07856,-11305,24517,-31706,-00136,00199,-00158
11:32:19.257 -> Raw:22304,-10224,-03824,-08452,27254,-24612,-00128,00162,-00183
11:32:19.257 -> Raw:23640,-09672,-01264,-05615,32767,-18233,-00127,00161,-00222
11:32:19.291 -> Raw:22560,-11496,-00232,05083,32767,-14690,-00116,00131,-00250
11:32:19.329 -> Raw:21552,-12272,02160,15531,32767,-03060,-00082,00119,-00272
11:32:19.367 -> Raw:20184,-12088,02152,25453,32767,12572,-00066,00111,-00295
11:32:19.402 -> Raw:14920,-07840,-00304,32767,32767,12975,-00042,00106,-00317
11:32:19.441 -> Raw:11688,-04624,01672,32767,32767,08706,-00026,00081,-00315
11:32:19.479 -> Raw:08984,-04376,03456,32767,32767,12897,00002,00054,-00307
11:32:19.479 -> Raw:05264,-01504,00120,32767,32767,15681,00018,00044,-00292
11:32:19.516 -> Raw:04504,10792,-00288,32767,32767,19760,00027,00023,-00266
11:32:19.554 -> Raw:05280,15200,02088,32767,32767,23254,00018,00012,-00250
11:32:19.588 -> Raw:04608,17016,03240,30700,32767,17619,00015,00014,-00227
11:32:19.622 -> Raw:02840,19512,03184,21055,31398,17404,00009,00006,-00226
11:32:19.660 -> Raw:04408,19168,04456,15239,32697,23620,-00007,00022,-00220
11:32:19.695 -> Raw:08832,20568,04520,11216,32767,31934,-00027,00023,-00233
11:32:19.695 -> Raw:09712,21896,01456,06670,32767,32767,-00053,00047,-00265
11:32:19.736 -> Raw:06616,25080,-00904,03226,32767,29434,-00062,00053,-00273
11:32:19.771 -> Raw:07240,23720,01144,-05512,32767,19163,-00062,00075,-00318
11:32:19.805 -> Raw:07704,20448,03096,-12730,32767,16846,-00049,00090,-00341
11:32:19.843 -> Raw:07656,21480,03608,-18253,32767,18590,-00033,00120,-00391
11:32:19.877 -> Raw:05632,19920,03768,-22819,32767,16446,00014,00135,-00423
11:32:19.911 -> Raw:03400,19176,03496,-23848,32767,11145,00081,00170,-00426
11:32:19.949 -> Raw:-00088,17952,04096,-27823,32767,06607,00138,00193,-00442
11:32:19.949 -> Raw:-02224,13776,03096,-27669,32767,01294,00191,00221,-00437
11:32:19.987 -> Raw:-04720,12056,02104,-28153,32767,-01073,00239,00248,-00420
11:32:20.023 -> Raw:-10040,11184,01168,-28152,32767,-04471,00273,00270,-00387
11:32:20.061 -> Raw:-11672,08584,00216,-29828,28016,-18065,00301,00296,-00346
11:32:20.095 -> Raw:-09136,03320,03424,-32768,16308,-32768,00298,00334,-00316
11:32:20.131 -> Raw:-07744,-03304,08080,-32768,11454,-32768,00285,00368,-00283
11:32:20.169 -> Raw:-05616,-01904,05552,-31209,20099,-32768,00257,00412,-00252
11:32:20.169 -> Raw:-07672,-04472,-03728,-32768,22387,-32768,00208,00428,-00198
11:32:20.207 -> Raw:-06576,-11832,-08056,-32768,13088,-32768,00171,00450,-00151
11:32:20.245 -> Raw:-05008,-21368,-08952,-31188,06349,-32768,00120,00455,-00111
11:32:20.279 -> Raw:02648,-22064,-05856,-15083,07510,-32768,00071,00444,-00100
11:32:20.317 -> Raw:05648,-18808,-05848,-07262,11529,-32768,00045,00434,-00077
11:32:20.350 -> Raw:07184,-19024,-08288,-09382,15932,-32768,-00018,00414,-00080
11:32:20.388 -> Raw:09696,-18456,-08928,-11281,18869,-32768,-00061,00390,-00085
11:32:20.388 -> Raw:12328,-16384,-09800,-13261,23008,-32768,-00094,00346,-00098
11:32:20.422 -> Raw:16072,-14640,-09616,-11961,24295,-32768,-00111,00315,-00110
11:32:20.460 -> Raw:18176,-12680,-08560,-17347,23496,-32768,-00146,00240,-00137
11:32:20.498 -> Raw:19680,-16448,-05576,-15206,29126,-30776,-00147,00202,-00166
11:32:20.535 -> Raw:20928,-14024,-06200,-07851,32493,-27524,-00142,00172,-00188
11:32:20.569 -> Raw:19800,-11832,-03992,-03473,32767,-17871,-00120,00147,-00226
11:32:20.606 -> Raw:17296,-10096,-03416,02083,32767,-08420,-00110,00120,-00258
11:32:20.606 -> Raw:17480,-09296,-00064,09739,30460,01086,-00086,00125,-00273
11:32:20.640 -> Raw:16576,-08800,03144,17431,31260,07580,-00082,00119,-00295
11:32:20.678 -> Raw:13752,-09536,02872,26325,30202,09972,-00061,00119,-00315
11:32:20.716 -> Raw:12360,-07688,04312,32767,26307,14562,-00041,00110,-00318
11:32:20.755 -> Raw:13120,-05856,06408,32767,26514,16352,-00038,00093,-00316
11:32:20.792 -> Raw:11648,-04704,03552,32767,27778,14851,-00038,00075,-00293
11:32:20.792 -> Raw:13032,-00336,03656,32767,28754,14583,-00031,00062,-00297
11:32:20.835 -> Raw:13640,05416,02808,32767,32767,21115,-00023,00049,-00270
11:32:20.872 -> Raw:10928,05608,01952,32767,32767,25279,-00030,00045,-00241
11:32:20.905 -> Raw:13792,12104,04112,32767,32767,21473,-00038,00050,-00231
11:32:20.939 -> Raw:07976,15064,03544,32767,31903,15370,-00041,00055,-00228
11:32:20.973 -> Raw:08600,18704,04832,23569,27841,13260,-00065,00055,-00221
11:32:21.011 -> Raw:10992,17464,05680,10279,30523,21573,-00070,00058,-00231
11:32:21.011 -> Raw:11080,17952,04664,10833,32767,22836,-00063,00074,-00252
11:32:21.045 -> Raw:09648,21304,03456,03906,32767,28605,-00074,00079,-00280
11:32:21.078 -> Raw:10888,21928,03288,-02256,32767,25667,-00074,00104,-00317
11:32:21.112 -> Raw:10696,22936,04192,-10020,32767,27348,-00067,00122,-00356
11:32:21.146 -> Raw:10720,23552,04336,-16391,32767,28579,-00045,00149,-00390
11:32:21.180 -> Raw:09608,22784,04808,-24545,32767,25396,-00010,00183,-00427
11:32:21.214 -> Raw:06424,19208,05512,-28880,32767,17553,00045,00211,-00452
11:32:21.248 -> Raw:04184,17440,05904,-29344,32767,11418,00102,00247,-00448
11:32:21.281 -> Raw:-00952,14520,04224,-29790,32767,-00180,00168,00262,-00436
11:32:21.319 -> Raw:-04664,08456,05536,-30156,32767,-07210,00232,00309,-00401
11:32:21.354 -> Raw:-05552,02272,06496,-23706,32767,-11093,00257,00337,-00372
11:32:21.354 -> Raw:-07400,03152,04488,-18242,32767,-20381,00284,00357,-00335
11:32:21.392 -> Raw:-06952,01928,02816,-22794,26888,-31365,00286,00377,-00297
11:32:21.430 -> Raw:-05888,-01432,00584,-31061,24651,-32768,00258,00401,-00253
11:32:21.467 -> Raw:-05072,-06944,-03440,-32768,24000,-32768,00231,00429,-00220
11:32:21.500 -> Raw:-06864,-10104,-09648,-32768,18850,-32768,00192,00458,-00176
11:32:21.538 -> Raw:-09200,-18096,-13216,-32768,11144,-32768,00148,00447,-00122
11:32:21.576 -> Raw:-02560,-25352,-12664,-20118,02825,-32768,00085,00447,-00085
11:32:21.576 -> Raw:02040,-24128,-10536,-04464,07234,-32768,00030,00421,-00063
11:32:21.614 -> Raw:04128,-23408,-10584,01152,15116,-32768,-00026,00407,-00065
11:32:21.652 -> Raw:10528,-24592,-09848,03317,21064,-32768,-00065,00381,-00078
11:32:21.685 -> Raw:12736,-24336,-10120,06649,30451,-32768,-00111,00350,-00105
11:32:21.724 -> Raw:13464,-22048,-08760,08932,32767,-32768,-00136,00311,-00128
11:32:21.758 -> Raw:12584,-17584,-07680,07088,32767,-32768,-00144,00264,-00178
11:32:21.792 -> Raw:14448,-17384,-03056,06140,32767,-22299,-00155,00234,-00198
11:32:21.792 -> Raw:16224,-15288,-01648,12149,32767,-20023,-00134,00209,-00248
11:32:21.830 -> Raw:15216,-12696,00384,15180,32767,-19049,-00114,00176,-00275
11:32:21.864 -> Raw:15256,-13880,03936,20924,32767,-14160,-00095,00154,-00310
11:32:21.902 -> Raw:13008,-12344,03984,29092,32767,-10753,-00059,00130,-00318
11:32:21.940 -> Raw:11080,-08448,06048,29728,32767,00324,-00033,00098,-00328
11:32:21.976 -> Raw:12512,-04568,07736,32342,32767,09657,-00006,00085,-00331
11:32:22.014 -> Raw:09648,-01936,05824,32767,32767,11237,-00007,00064,-00330
11:32:22.014 -> Raw:10064,04312,07216,32767,32767,17701,00010,00052,-00305
11:32:22.052 -> Raw:08368,07608,07312,32767,32767,20348,00013,00033,-00296
11:32:22.090 -> Raw:07360,08664,07264,30486,32767,19433,00022,00033,-00281
11:32:22.123 -> Raw:04080,10904,06608,29510,32767,17544,00013,00014,-00270
11:32:22.161 -> Raw:03208,14784,06896,23396,32767,21053,00011,00011,-00261
11:32:22.195 -> Raw:05872,18976,06448,11807,32767,28761,00010,00019,-00265
11:32:22.233 -> Raw:05616,23304,01488,-01965,32767,32767,-00001,00031,-00286
11:32:22.233 -> Raw:07624,28744,01120,-14261,32767,32767,-00011,00050,-00306
11:32:22.272 -> Raw:09168,32767,01816,-27053,32767,32767,-00013,00081,-00352
11:32:22.310 -> Raw:05056,29736,00984,-32768,32767,32767,00023,00141,-00425
11:32:22.348 -> Raw:00752,20336,04584,-32768,32767,21899,00078,00182,-00448
11:32:22.382 -> Raw:-01104,15704,07200,-32768,32767,16849,00128,00232,-00443
11:32:22.420 -> Raw:-03904,10632,07640,-32768,32767,17482,00173,00279,-00441
11:32:22.420 -> Raw:-07472,09336,05232,-32768,32767,14857,00233,00300,-00397
11:32:22.453 -> Raw:-12432,07376,02624,-32768,32767,11532,00272,00319,-00363
11:32:22.487 -> Raw:-15400,05480,02176,-27913,32767,-00411,00313,00337,-00315
11:32:22.525 -> Raw:-14008,03464,03912,-20351,18522,-14935,00324,00342,-00280
11:32:22.563 -> Raw:-08088,03128,04344,-16908,08837,-32768,00328,00370,-00250
11:32:22.599 -> Raw:-03304,00936,04136,-22335,04316,-32768,00285,00406,-00226
11:32:22.637 -> Raw:01552,-02136,01088,-32768,11629,-32768,00236,00429,-00197
11:32:22.675 -> Raw:00664,-08560,-06960,-32768,18696,-32768,00197,00443,-00156
11:32:22.675 -> Raw:-02024,-22512,-12264,-32768,17790,-32768,00158,00448,-00108
11:32:22.713 -> Raw:01264,-27472,-07432,-05711,11109,-32768,00091,00448,-00073
11:32:22.751 -> Raw:02960,-24728,-09768,-02801,21469,-32768,00034,00439,-00090
11:32:22.785 -> Raw:04424,-23848,-12464,-04227,23535,-32768,-00017,00428,-00093
11:32:22.823 -> Raw:12336,-24424,-11216,-01596,27963,-32768,-00061,00387,-00100
11:32:22.862 -> Raw:15160,-31232,-07552,-05767,32767,-32768,-00116,00360,-00130
11:32:22.862 -> Raw:13376,-27600,-07744,05683,32767,-32768,-00147,00286,-00176
11:32:22.895 -> Raw:11448,-20256,-09232,09268,31616,-24888,-00148,00263,-00210
11:32:22.933 -> Raw:15656,-15456,-03768,08798,26108,-17473,-00140,00228,-00247
11:32:22.971 -> Raw:17328,-16832,01488,13099,27180,-10218,-00131,00207,-00268
11:32:23.005 -> Raw:16592,-15240,03536,23465,30881,-11938,-00107,00192,-00296
11:32:23.039 -> Raw:13280,-11776,03504,32575,32573,-15156,-00087,00151,-00305
11:32:23.077 -> Raw:11872,-09320,03960,32767,31369,-08938,-00067,00140,-00321
11:32:23.077 -> Raw:10640,-08344,05792,32767,30042,01131,-00041,00105,-00328
11:32:23.112 -> Raw:10352,-03928,05440,32767,28268,08035,-00029,00084,-00307
11:32:23.150 -> Raw:10256,01528,06896,32767,27405,13339,-00017,00058,-00301
11:32:23.183 -> Raw:09688,03664,06456,32767,26911,10274,-00009,00053,-00281
11:32:23.217 -> Raw:07328,06384,07056,32767,25323,09862,-00001,00038,-00286
11:32:23.255 -> Raw:07376,09368,06184,32767,27428,11573,-00003,00028,-00261
11:32:23.288 -> Raw:07432,13712,06312,30625,30328,12943,-00011,00026,-00246
11:32:23.324 -> Raw:07264,19384,03320,20773,32767,20774,-00011,00021,-00246
11:32:23.357 -> Raw:09936,26080,02104,02472,32767,32767,-00023,00022,-00235
11:32:23.357 -> Raw:12200,31968,00032,-17584,32767,32767,-00045,00044,-00267
11:32:23.395 -> Raw:07760,30520,02480,-28992,32767,32767,-00050,00111,-00360
11:32:23.431 -> Raw:04360,21544,04784,-32768,32767,28420,-00026,00156,-00400
11:32:23.469 -> Raw:01152,14832,04816,-32768,32767,29094,00031,00201,-00435
11:32:23.502 -> Raw:-05640,11792,03880,-32768,32767,27190,00095,00240,-00447
11:32:23.539 -> Raw:-11048,11384,03200,-32768,32767,19668,00170,00278,-00437
11:32:23.577 -> Raw:-14184,07976,04280,-30744,32767,13040,00216,00306,-00393
11:32:23.615 -> Raw:-13640,05848,04304,-25040,29136,04836,00265,00322,-00367
11:32:23.615 -> Raw:-11984,04672,04144,-22277,25501,-00553,00286,00332,-00340
11:32:23.653 -> Raw:-11384,04640,02408,-20863,22826,-09171,00300,00352,-00310
11:32:23.686 -> Raw:-13576,04168,02000,-23648,16549,-23061,00308,00367,-00287
11:32:23.724 -> Raw:-13216,01152,02168,-28094,11190,-26997,00293,00391,-00253
11:32:23.761 -> Raw:-08968,-02464,01352,-30868,08261,-32768,00264,00408,-00218
11:32:23.800 -> Raw:-02400,-07232,-00856,-32768,07412,-32768,00247,00437,-00187
11:32:23.800 -> Raw:00368,-17480,-07232,-32768,14568,-32768,00183,00454,-00152
11:32:23.833 -> Raw:-03072,-28272,-05048,-18737,08611,-32768,00119,00459,-00105
11:32:23.871 -> Raw:02160,-24696,-04984,02218,17487,-32768,00069,00452,-00092
11:32:23.909 -> Raw:03480,-20624,-09176,01906,23294,-32768,-00013,00437,-00102
11:32:23.945 -> Raw:09768,-22888,-08840,00019,27535,-32768,-00059,00403,-00116
11:32:23.978 -> Raw:12104,-21872,-09088,-00675,32065,-32768,-00118,00368,-00141
11:32:24.016 -> Raw:15560,-21328,-07616,-06497,32767,-32768,-00144,00314,-00173
11:32:24.016 -> Raw:16112,-24960,-06664,-04151,32767,-32768,-00155,00272,-00208
11:32:24.050 -> Raw:14528,-23504,-05432,03704,32767,-20077,-00148,00231,-00240
11:32:24.088 -> Raw:15976,-19560,-02952,12587,32767,-12341,-00130,00218,-00275
11:32:24.126 -> Raw:17232,-18152,-00944,22111,32767,-03236,-00110,00190,-00306
11:32:24.163 -> Raw:15000,-18016,01584,32767,32767,-01474,-00098,00173,-00330
11:32:24.197 -> Raw:12008,-13384,02744,32767,32767,05092,-00057,00140,-00348
11:32:24.235 -> Raw:11136,-09408,05176,32767,32405,13253,-00031,00121,-00357
11:32:24.235 -> Raw:10512,-06496,03800,32767,29185,20697,-00021,00091,-00352
11:32:24.273 -> Raw:11936,02312,04000,32767,27423,18062,-00006,00073,-00321
11:32:24.307 -> Raw:06600,05264,04240,32767,26375,18509,-00010,00044,-00305
11:32:24.340 -> Raw:05280,10240,05712,32767,21781,21414,-00005,00037,-00292
11:32:24.378 -> Raw:06144,13864,07432,32026,20734,16781,-00015,00032,-00265
11:32:24.412 -> Raw:05912,16224,08472,22188,21184,17704,-00010,00029,-00257
11:32:24.446 -> Raw:07776,17512,10040,10104,24780,20155,-00035,00028,-00251
11:32:24.484 -> Raw:09800,19088,09024,00567,32473,28290,-00045,00044,-00270
11:32:24.517 -> Raw:13184,26200,08536,-09605,32767,32767,-00049,00058,-00291
11:32:24.517 -> Raw:16536,29208,09784,-23480,32767,32767,-00062,00103,-00341
11:32:24.551 -> Raw:09936,25448,06496,-32768,32767,32767,-00043,00150,-00381
11:32:24.587 -> Raw:00544,17880,02512,-32768,32767,32767,00013,00201,-00430
11:32:24.620 -> Raw:-03896,15752,03592,-32768,32767,32767,00073,00252,-00446
11:32:24.655 -> Raw:-05632,15392,04720,-32768,32767,28278,00146,00278,-00437
11:32:24.689 -> Raw:-07960,12048,03360,-32768,32767,23750,00207,00303,-00410
11:32:24.722 -> Raw:-10496,08392,02472,-32768,32767,13770,00278,00325,-00377
11:32:24.756 -> Raw:-10152,06736,04032,-27527,31934,04854,00302,00335,-00315
11:32:24.789 -> Raw:-06936,04912,04176,-24319,26856,-02193,00334,00352,-00277
11:32:24.827 -> Raw:-05912,04512,02208,-22486,24541,-20967,00320,00363,-00246
11:32:24.861 -> Raw:-06776,01088,00200,-27475,20217,-32768,00317,00393,-00203
11:32:24.861 -> Raw:-09688,-05080,-05104,-32768,18782,-32768,00266,00426,-00161
11:32:24.895 -> Raw:-06472,-11776,-08144,-32768,12328,-32768,00239,00437,-00120
11:32:24.934 -> Raw:-00072,-23624,-08336,-20290,11448,-32768,00191,00444,-00080
11:32:24.968 -> Raw:00568,-28000,-05136,-00876,17075,-32768,00119,00442,-00065
11:32:25.006 -> Raw:-01504,-27256,-11096,06667,26112,-32768,00029,00447,-00082
11:32:25.044 -> Raw:07128,-26872,-10320,07551,28381,-32768,-00031,00432,-00100
11:32:25.077 -> Raw:11264,-26072,-10216,06111,32767,-32768,-00098,00382,-00132
11:32:25.115 -> Raw:12128,-27608,-07080,01809,32767,-32768,-00132,00342,-00162
11:32:25.115 -> Raw:12528,-25608,-08592,04702,32767,-32768,-00155,00311,-00196
11:32:25.153 -> Raw:10280,-25440,-04952,09328,32767,-24371,-00154,00263,-00235
11:32:25.191 -> Raw:11088,-23200,-03032,17788,32767,-18821,-00143,00250,-00280
11:32:25.229 -> Raw:13240,-22328,00096,29381,29432,-09664,-00118,00212,-00308
11:32:25.267 -> Raw:11208,-17240,00960,32767,30327,-02908,-00103,00191,-00327
11:32:25.267 -> Raw:10904,-12576,02288,32767,23619,-01745,-00071,00149,-00340
11:32:25.305 -> Raw:10304,-07728,03016,32767,22331,04155,-00053,00109,-00332
11:32:25.343 -> Raw:10688,-01880,03920,32767,23966,16740,-00038,00090,-00323
11:32:25.376 -> Raw:09792,-01280,06472,32767,23546,14441,-00030,00078,-00308
11:32:25.414 -> Raw:09752,-00144,05128,32767,22855,15619,-00026,00054,-00297
11:32:25.452 -> Raw:07248,04360,04656,32767,22212,18358,-00034,00047,-00282
11:32:25.487 -> Raw:07744,10528,05632,32767,18520,12522,-00034,00042,-00257
11:32:25.487 -> Raw:08648,13928,05496,32767,21568,10046,-00037,00034,-00237
11:32:25.525 -> Raw:08960,16296,04632,26839,23503,13014,-00046,00036,-00226
11:32:25.563 -> Raw:09584,17040,03808,26113,20969,04773,-00051,00028,-00221
11:32:25.597 -> Raw:10272,19576,02176,20134,25910,07806,-00047,00034,-00225
11:32:25.635 -> Raw:10536,22816,01224,12327,32690,08929,-00054,00033,-00221
11:32:25.673 -> Raw:09928,25480,-00928,00330,32767,13346,-00050,00042,-00237
11:32:25.673 -> Raw:10528,28712,-04320,-14016,32767,23252,-00061,00032,-00272
11:32:25.707 -> Raw:06272,30840,-05112,-25084,32767,22836,-00054,00063,-00321
11:32:25.742 -> Raw:05352,27944,-01912,-32768,32767,18358,-00037,00094,-00355
11:32:25.780 -> Raw:01288,23192,-00632,-32768,32767,14707,-00003,00122,-00406
11:32:25.814 -> Raw:-01480,18992,00528,-32768,32767,05561,00078,00199,-00453
11:32:25.848 -> Raw:-03608,15272,02576,-32768,32767,-00541,00127,00233,-00462
11:32:25.886 -> Raw:-03368,11464,04440,-32768,32767,-07882,00152,00262,-00441
11:32:25.924 -> Raw:-02328,06112,04488,-32768,32767,-15076,00191,00313,-00415
11:32:25.924 -> Raw:-05264,00096,02176,-32768,32767,-17491,00217,00347,-00382
11:32:25.962 -> Raw:-07456,-04168,-00072,-32768,32767,-14378,00227,00391,-00333
11:32:25.997 -> Raw:-09720,-07032,-02024,-32768,30928,-13445,00243,00418,-00286
11:32:26.035 -> Raw:-10920,-09440,-03648,-32768,29023,-12417,00241,00422,-00232
11:32:26.073 -> Raw:-12832,-09696,-04888,-28523,25134,-15589,00228,00437,-00182
11:32:26.109 -> Raw:-13312,-10632,-07976,-25884,19401,-21536,00212,00457,-00147
11:32:26.147 -> Raw:-12368,-17032,-09608,-15589,14196,-32768,00185,00459,-00122
11:32:26.147 -> Raw:-07528,-20832,-10256,02549,10824,-32768,00136,00458,-00111
11:32:26.185 -> Raw:-03800,-22832,-09824,12934,15969,-32768,00085,00464,-00110
11:32:26.222 -> Raw:00184,-22152,-10408,14739,21034,-32768,00017,00458,-00136
11:32:26.260 -> Raw:09392,-23800,-08576,14052,25598,-32768,-00066,00422,-00160
11:32:26.298 -> Raw:10744,-27488,-05280,15213,32767,-32768,-00123,00363,-00191
11:32:26.298 -> Raw:06520,-22360,-06368,18841,31077,-32768,-00136,00316,-00233
11:32:26.336 -> Raw:12104,-23256,-03680,15861,30663,-30932,-00143,00273,-00270
11:32:26.370 -> Raw:16440,-19440,02840,26451,24179,-20804,-00124,00218,-00295
11:32:26.403 -> Raw:14064,-16384,03624,32767,29413,-19081,-00106,00191,-00317
11:32:26.441 -> Raw:13184,-15432,04472,32767,28125,-12188,-00079,00141,-00330
11:32:26.479 -> Raw:13032,-11128,04360,32767,23959,-00625,-00053,00111,-00325
11:32:26.514 -> Raw:14800,-03944,04152,32767,24109,11268,-00034,00089,-00315
11:32:26.548 -> Raw:13368,-00616,03624,32767,24903,16746,-00039,00064,-00292
11:32:26.586 -> Raw:12376,01984,04864,32767,22689,15013,-00034,00054,-00275
11:32:26.586 -> Raw:09040,06424,06168,32767,21737,10821,-00038,00053,-00266
11:32:26.622 -> Raw:09072,08696,07160,32767,22887,08997,-00045,00034,-00250
11:32:26.660 -> Raw:09728,10304,07008,26313,25474,07830,-00038,00031,-00226
11:32:26.694 -> Raw:07128,11264,06544,24539,25376,05740,-00029,00037,-00230
11:32:26.732 -> Raw:08032,12824,05648,26637,23723,03387,-00037,00034,-00230
11:32:26.770 -> Raw:10304,14984,04400,24831,29066,06622,-00029,00027,-00217
11:32:26.770 -> Raw:07608,19264,01064,14948,32767,10273,-00034,00024,-00225
11:32:26.808 -> Raw:05256,20208,-03320,07764,32767,09647,-00038,00026,-00243
11:32:26.842 -> Raw:04488,25408,-04784,-01024,32767,14259,-00037,00034,-00267
11:32:26.880 -> Raw:05928,30296,-02576,-15320,32767,19884,-00030,00040,-00283
11:32:26.913 -> Raw:06024,28440,00104,-28640,32767,19817,-00027,00060,-00343
11:32:26.951 -> Raw:03088,25184,-00752,-32768,32767,18523,-00006,00110,-00383
11:32:26.989 -> Raw:-02264,18824,00232,-32768,32767,21082,00023,00139,-00420
11:32:26.989 -> Raw:-04816,15696,04056,-32768,32767,20570,00077,00178,-00445
11:32:27.023 -> Raw:-03144,15240,06016,-32768,32767,17025,00126,00214,-00448
11:32:27.061 -> Raw:-03496,13376,05672,-32768,32767,11572,00163,00254,-00438
11:32:27.099 -> Raw:-07576,10704,03048,-32768,32767,02580,00213,00281,-00413
11:32:27.135 -> Raw:-09216,07408,03184,-32768,32767,-04994,00270,00303,-00380
11:32:27.173 -> Raw:-08712,03456,02192,-31762,28901,-15721,00290,00341,-00323
11:32:27.209 -> Raw:-08376,-00592,00688,-30021,24209,-28507,00285,00371,-00291
11:32:27.209 -> Raw:-10840,-04752,-00840,-30913,24046,-24515,00270,00399,-00252
11:32:27.245 -> Raw:-12408,-07376,-02272,-32694,19877,-20634,00257,00424,-00207
11:32:27.283 -> Raw:-12520,-09440,-01568,-28688,13153,-32768,00253,00443,-00171
11:32:27.316 -> Raw:-10488,-13392,-03816,-20492,09871,-32768,00195,00450,-00141
11:32:27.354 -> Raw:-05096,-17360,-04464,-11791,08286,-32768,00158,00458,-00123
11:32:27.393 -> Raw:02536,-19808,-03312,-02649,09985,-32768,00098,00474,-00105
11:32:27.431 -> Raw:11280,-20192,-06168,-01863,21613,-32768,-00022,00433,-00121
11:32:27.431 -> Raw:16448,-24104,-08568,-16276,27204,-32768,-00112,00371,-00128
11:32:27.469 -> Raw:15624,-26360,-07296,-14141,32767,-32768,-00139,00324,-00156
11:32:27.507 -> Raw:15368,-20656,-08136,-09528,25140,-32768,-00160,00257,-00186
11:32:27.541 -> Raw:17888,-17544,-04176,-09676,23913,-24393,-00147,00222,-00206
11:32:27.579 -> Raw:19480,-19600,-01624,-00543,25147,-13986,-00151,00203,-00225
11:32:27.616 -> Raw:19632,-15848,-00776,14198,29665,-13805,-00155,00185,-00248
11:32:27.616 -> Raw:16568,-13664,-01608,22003,28648,-07705,-00114,00163,-00277
11:32:27.651 -> Raw:16296,-15472,01312,29341,26719,02335,-00099,00152,-00296
11:32:27.684 -> Raw:15568,-15112,02944,32767,26506,12064,-00090,00134,-00305
11:32:27.719 -> Raw:14712,-12784,00720,32767,27378,13895,-00078,00115,-00298
11:32:27.753 -> Raw:14288,-06568,01032,32767,30586,18848,-00073,00088,-00288
11:32:27.791 -> Raw:14168,-04840,-01608,32767,28822,14032,-00065,00078,-00281
11:32:27.829 -> Raw:07144,03312,-00600,32767,20317,06371,-00054,00073,-00251
11:32:27.863 -> Raw:08760,09752,03200,32767,19458,09968,-00057,00060,-00238
11:32:27.863 -> Raw:11016,10160,03304,32767,21838,04169,-00067,00058,-00221
11:32:27.901 -> Raw:09568,08784,03688,29053,23242,02732,-00057,00053,-00206
11:32:27.935 -> Raw:10640,11008,01728,32767,23162,-01986,-00051,00043,-00211
11:32:27.973 -> Raw:10480,16976,02024,26320,27329,-00656,-00039,00037,-00197
11:32:28.006 -> Raw:08976,17160,00328,17168,32767,00997,-00046,00033,-00198
11:32:28.041 -> Raw:06928,18464,-01120,14541,32767,05578,-00045,00027,-00207
11:32:28.079 -> Raw:07744,24808,-02496,04560,32767,17689,-00043,00036,-00228
11:32:28.117 -> Raw:07176,27872,-02432,-04700,32767,21933,-00050,00037,-00242
11:32:28.117 -> Raw:07536,27096,-01200,-13700,32767,21294,-00055,00062,-00297
11:32:28.154 -> Raw:08368,26200,00656,-21155,32767,20511,-00043,00075,-00341
11:32:28.192 -> Raw:07928,24936,00872,-27421,32767,21155,00002,00129,-00397
11:32:28.228 -> Raw:06056,24144,-00600,-32768,32767,20958,00039,00141,-00437
11:32:28.261 -> Raw:04744,19392,00816,-32768,32767,17315,00106,00176,-00455
11:32:28.300 -> Raw:01112,13872,00240,-32444,32767,06809,00172,00226,-00440
11:32:28.338 -> Raw:-03632,09848,00192,-28096,32767,-02383,00237,00252,-00416
11:32:28.338 -> Raw:-08520,05880,00736,-24570,32767,-11748,00312,00277,-00378
11:32:28.372 -> Raw:-08632,04328,00040,-19115,32767,-22019,00320,00289,-00333
11:32:28.406 -> Raw:-12992,01608,-01528,-22439,30014,-30810,00333,00319,-00291
11:32:28.440 -> Raw:-14992,-00088,-02616,-25271,20898,-32768,00334,00365,-00255
11:32:28.474 -> Raw:-12504,-03208,-02264,-25079,13578,-32768,00314,00396,-00218
11:32:28.512 -> Raw:-09832,-05360,-04112,-29045,14702,-32528,00264,00411,-00188
11:32:28.550 -> Raw:-12632,-09608,-07256,-32768,13962,-28715,00231,00444,-00142
11:32:28.585 -> Raw:-12088,-16576,-06760,-27354,05696,-32768,00197,00450,-00108
11:32:28.585 -> Raw:-04120,-20176,-04920,-07914,06342,-32768,00156,00452,-00092
11:32:28.619 -> Raw:-00120,-21480,-05664,02282,13816,-32768,00112,00445,-00086
11:32:28.657 -> Raw:00536,-22336,-07640,04541,22228,-32768,00046,00448,-00096
11:32:28.692 -> Raw:04968,-23744,-08664,02970,25798,-32768,-00015,00429,-00112
11:32:28.726 -> Raw:12832,-25224,-07480,02460,32767,-32768,-00079,00390,-00137
11:32:28.760 -> Raw:10840,-28912,-07448,09115,32767,-32768,-00126,00368,-00168
11:32:28.796 -> Raw:09808,-23808,-09160,13069,32767,-32768,-00154,00310,-00215
11:32:28.834 -> Raw:08200,-22528,-06496,10822,32767,-23215,-00146,00268,-00265
11:32:28.868 -> Raw:10528,-22256,00192,17845,28593,-16891,-00130,00245,-00290
11:32:28.868 -> Raw:13664,-19400,01216,26517,21741,-12337,-00120,00229,-00316
11:32:28.904 -> Raw:11752,-17384,01448,32767,24591,-06302,-00100,00198,-00335
11:32:28.937 -> Raw:11576,-13200,02232,32767,18768,06574,-00078,00167,-00336
11:32:28.976 -> Raw:16696,-12752,05800,32767,18683,15731,-00074,00156,-00350
11:32:29.014 -> Raw:13824,-08880,04264,32767,22149,04217,-00065,00135,-00338
11:32:29.048 -> Raw:11000,-02952,03616,32767,25818,00231,-00053,00094,-00320
11:32:29.083 -> Raw:08456,-01608,03144,32767,26502,05542,-00023,00072,-00315
11:32:29.121 -> Raw:05840,05048,02376,32767,23456,08649,-00026,00054,-00297
11:32:29.121 -> Raw:05720,09624,02512,32767,24246,08962,-00017,00026,-00263
11:32:29.154 -> Raw:05160,11576,03912,32767,27451,11005,-00006,00018,-00251
11:32:29.192 -> Raw:04432,14400,02728,32767,29665,10609,-00015,00014,-00230
11:32:29.225 -> Raw:04736,15880,01424,27669,30664,08329,-00009,00013,-00221
11:32:29.259 -> Raw:05352,18800,00320,23486,31797,09609,-00013,00014,-00222
11:32:29.293 -> Raw:07528,23440,-00184,10956,32767,20896,-00030,00016,-00223
11:32:29.331 -> Raw:09640,27992,-03512,-03903,32767,32767,-00034,00014,-00247
11:32:29.369 -> Raw:09632,31272,-05376,-18174,32767,32767,-00058,00049,-00287
11:32:29.369 -> Raw:08296,29440,-02992,-25656,32767,25557,-00049,00073,-00328
11:32:29.404 -> Raw:05768,25000,-00144,-29424,32767,17473,-00030,00105,-00373
11:32:29.437 -> Raw:02880,20552,03248,-29817,32767,09548,00006,00137,-00411
11:32:29.471 -> Raw:00880,16512,05544,-30848,32767,06296,00045,00166,-00442
11:32:29.506 -> Raw:-00576,13016,06376,-32437,32767,06364,00094,00192,-00448
11:32:29.544 -> Raw:-03600,10648,05344,-31121,32767,02080,00170,00253,-00450
11:32:29.582 -> Raw:-05328,08792,03896,-32223,32767,02536,00217,00285,-00410
11:32:29.619 -> Raw:-06240,06560,03088,-30091,32767,-04316,00270,00298,-00375
11:32:29.619 -> Raw:-08136,03256,01320,-26933,32767,-11550,00290,00326,-00338
11:32:29.657 -> Raw:-11712,00216,-02560,-29280,32767,-17864,00309,00354,-00291
11:32:29.690 -> Raw:-13296,-03296,-01760,-28590,27130,-26141,00309,00371,-00256
11:32:29.728 -> Raw:-10968,-04848,-02216,-25709,24250,-26784,00286,00399,-00215
11:32:29.765 -> Raw:-09704,-09360,-02984,-27496,22968,-24471,00273,00414,-00170
11:32:29.799 -> Raw:-13064,-12152,-06664,-25783,21613,-22040,00237,00426,-00136
11:32:29.838 -> Raw:-12936,-15392,-08120,-18604,12852,-28627,00220,00427,-00107
11:32:29.838 -> Raw:-11176,-17336,-07952,-07570,07665,-32768,00189,00445,-00091
11:32:29.876 -> Raw:-07168,-16888,-08832,05355,04667,-32768,00154,00447,-00067
11:32:29.909 -> Raw:00504,-19288,-09216,06642,07333,-32768,00090,00444,-00087
11:32:29.947 -> Raw:02328,-25160,-05976,03684,20484,-32768,00025,00458,-00096
11:32:29.985 -> Raw:04072,-25616,-06520,15135,28190,-32768,-00041,00436,-00111
11:32:30.020 -> Raw:07880,-24240,-07576,14030,32767,-32768,-00091,00406,-00136
11:32:30.055 -> Raw:07664,-23520,-07152,11050,32767,-32768,-00115,00363,-00176
11:32:30.055 -> Raw:08488,-23104,-04888,08379,32767,-27426,-00142,00324,-00216
11:32:30.088 -> Raw:07776,-24232,-04096,15802,28823,-20236,-00144,00277,-00268
11:32:30.122 -> Raw:10176,-20712,-01856,20249,22809,-10489,-00128,00247,-00293
11:32:30.160 -> Raw:12184,-20248,00232,27425,17298,-02158,-00120,00237,-00318
11:32:30.194 -> Raw:12576,-16416,00680,32723,13885,-02030,-00103,00216,-00317
11:32:30.228 -> Raw:11416,-15168,03408,32767,10183,04476,-00091,00190,-00336
11:32:30.266 -> Raw:11712,-13192,05688,32767,12013,07603,-00085,00176,-00332
11:32:30.304 -> Raw:11840,-07808,04800,32767,16434,11307,-00092,00156,-00325
11:32:30.304 -> Raw:10552,-06104,05800,32767,18565,13974,-00075,00140,-00323
11:32:30.340 -> Raw:09336,-02312,04752,32767,18291,12277,-00079,00129,-00317
11:32:30.378 -> Raw:07864,01544,04368,32767,16285,10100,-00065,00105,-00318
11:32:30.412 -> Raw:06864,06120,04080,32767,14153,11620,-00061,00084,-00290
11:32:30.449 -> Raw:07104,10832,04432,32767,13831,12893,-00054,00065,-00281
11:32:30.487 -> Raw:06424,15472,04928,32257,15385,11770,-00067,00065,-00268
11:32:30.525 -> Raw:07720,15480,06696,20811,19935,18190,-00066,00064,-00257
11:32:30.525 -> Raw:08808,13464,07448,15413,24896,21228,-00074,00077,-00260
11:32:30.563 -> Raw:06704,13416,05032,17331,23048,17662,-00096,00078,-00271
11:32:30.596 -> Raw:08048,17544,04248,18852,18618,14738,-00090,00086,-00277
11:32:30.629 -> Raw:11760,21216,04856,12246,24682,17016,-00085,00094,-00285
11:32:30.667 -> Raw:13208,24032,03464,00151,32767,20157,-00090,00104,-00315
11:32:30.705 -> Raw:14352,24584,03240,-11886,32767,25235,-00073,00137,-00346
11:32:30.740 -> Raw:12432,25600,02712,-23610,32767,24936,-00055,00146,-00385
11:32:30.778 -> Raw:08312,22184,02960,-30493,32767,17883,-00010,00186,-00417
11:32:30.778 -> Raw:04992,18352,04200,-32768,32767,10192,00063,00218,-00440
11:32:30.816 -> Raw:00616,15448,04704,-32768,32767,-00278,00104,00257,-00453
11:32:30.851 -> Raw:-02088,11072,05672,-32768,32767,-03688,00159,00285,-00435
11:32:30.889 -> Raw:-03576,05968,06040,-32768,32767,-08417,00203,00324,-00418
11:32:30.927 -> Raw:-06288,02048,02976,-32768,32767,-11051,00239,00360,-00357
11:32:30.960 -> Raw:-08408,-02600,00648,-32768,32767,-19997,00249,00385,-00310
11:32:30.998 -> Raw:-10352,-06672,-01072,-32768,27591,-27927,00241,00412,-00262
11:32:30.998 -> Raw:-08576,-11376,-03312,-32768,26378,-17038,00228,00439,-00207
11:32:31.032 -> Raw:-08864,-15560,-06432,-32163,25005,-10351,00220,00444,-00167
11:32:31.066 -> Raw:-12576,-17312,-05648,-16957,22249,-09405,00201,00449,-00132
11:32:31.104 -> Raw:-11584,-13136,-06456,-02883,22479,-04642,00196,00442,-00115
11:32:31.137 -> Raw:-10832,-09704,-09168,-01912,21582,-07006,00177,00449,-00105
11:32:31.175 -> Raw:-12040,-11840,-09848,-06141,18259,-08653,00173,00445,-00106
11:32:31.213 -> Raw:-12120,-14744,-09824,-03684,14539,-14370,00155,00453,-00091
11:32:31.213 -> Raw:-13232,-18416,-11568,05101,10362,-25036,00136,00460,-00088
11:32:31.248 -> Raw:-12160,-20032,-12536,17694,06231,-32768,00102,00468,-00093
11:32:31.286 -> Raw:-10000,-21720,-12792,24680,06553,-32768,00059,00465,-00118
11:32:31.324 -> Raw:-07608,-25176,-11128,31240,09991,-32768,00011,00455,-00146
11:32:31.361 -> Raw:-05288,-25016,-10960,32767,12417,-32768,-00039,00444,-00180
11:32:31.399 -> Raw:-02816,-24760,-07032,32767,12058,-32368,-00071,00399,-00225
11:32:31.399 -> Raw:01160,-27000,-04544,32767,08392,-32297,-00081,00388,-00253
11:32:31.437 -> Raw:01712,-20576,-02488,32767,06310,-22383,-00099,00344,-00278
11:32:31.471 -> Raw:03528,-16320,01528,32767,-00353,-17404,-00107,00286,-00321
11:32:31.509 -> Raw:09184,-13360,03568,32767,00111,-18413,-00103,00233,-00317
11:32:31.546 -> Raw:09264,-07992,04040,32767,05428,-09232,-00103,00191,-00310
11:32:31.584 -> Raw:08752,-05648,06816,32767,07089,-08120,-00102,00162,-00306
11:32:31.620 -> Raw:09800,-04456,07280,32767,07860,-04292,-00086,00137,-00303
11:32:31.620 -> Raw:10248,00744,06296,32767,08635,-07122,-00085,00106,-00280
11:32:31.654 -> Raw:10504,04640,06712,32767,09149,-08447,-00085,00081,-00270
11:32:31.687 -> Raw:11152,07840,06760,32767,14080,-04444,-00062,00070,-00248
11:32:31.725 -> Raw:09432,11936,05688,32767,18566,-01632,-00053,00047,-00230
11:32:31.761 -> Raw:08936,13208,03952,30412,21639,-00854,-00049,00043,-00223
11:32:31.799 -> Raw:07760,14992,03264,27223,24435,-01907,-00043,00036,-00203
11:32:31.833 -> Raw:05960,14656,02000,22240,26902,-00274,-00038,00023,-00208
11:32:31.869 -> Raw:05072,14200,00888,20112,27219,-01433,-00043,00028,-00211
11:32:31.869 -> Raw:05064,17608,-01496,15143,31597,05034,-00034,00014,-00215
11:32:31.907 -> Raw:04448,20536,-03704,05069,32767,12464,-00038,00008,-00218
11:32:31.945 -> Raw:03704,23480,-06368,-00301,32767,15654,-00042,00022,-00240
11:32:31.979 -> Raw:01328,26648,-05696,-08186,32767,18882,-00051,00036,-00288
11:32:32.017 -> Raw:02712,26984,-03224,-15142,32767,14426,-00038,00060,-00321
11:32:32.051 -> Raw:04248,25768,-00728,-22352,32767,11615,-00027,00080,-00356
11:32:32.090 -> Raw:04480,22712,01088,-29602,32767,11555,-00013,00104,-00392
11:32:32.090 -> Raw:01984,19584,03200,-32768,32767,08050,00017,00127,-00421
11:32:32.123 -> Raw:01408,16200,05472,-32768,32767,05157,00055,00171,-00442
11:32:32.156 -> Raw:00288,12872,07344,-32384,32767,01312,00092,00203,-00452
11:32:32.190 -> Raw:-02592,11336,06184,-32611,32767,-00991,00124,00231,-00452
11:32:32.228 -> Raw:-04448,08912,05248,-31846,32767,-04260,00180,00265,-00440
11:32:32.263 -> Raw:-05896,05520,04728,-32496,32767,-09075,00221,00296,-00416
11:32:32.296 -> Raw:-07784,02056,03248,-32768,32767,-11828,00237,00329,-00386
11:32:32.334 -> Raw:-11192,-02864,01704,-32768,32767,-11196,00256,00349,-00343
11:32:32.369 -> Raw:-13128,-05600,-00376,-32201,29020,-14371,00265,00382,-00305
11:32:32.369 -> Raw:-16264,-07528,-00696,-28134,20940,-21371,00277,00393,-00253
11:32:32.407 -> Raw:-10920,-10424,00872,-23785,11562,-24304,00262,00417,-00220
11:32:32.440 -> Raw:-11064,-10976,00368,-22199,13835,-23189,00237,00443,-00193
11:32:32.475 -> Raw:-11496,-11920,-03560,-24212,14817,-20113,00209,00447,-00157
11:32:32.513 -> Raw:-12016,-15808,-05736,-19580,09886,-27024,00187,00445,-00121
11:32:32.551 -> Raw:-08832,-19352,-05920,-05954,06380,-32768,00139,00463,-00106
11:32:32.588 -> Raw:-05584,-20200,-06976,05847,11332,-32768,00094,00455,-00111
11:32:32.588 -> Raw:-04808,-21480,-07208,10772,16544,-32768,00034,00454,-00115
11:32:32.624 -> Raw:-01528,-22392,-06680,11926,20096,-32768,-00010,00447,-00132
11:32:32.662 -> Raw:02384,-22624,-06008,13390,23261,-32768,-00066,00414,-00165
11:32:32.695 -> Raw:04592,-21520,-04608,12312,23649,-32768,-00104,00378,-00193
11:32:32.730 -> Raw:06160,-20832,-03816,11723,23476,-32768,-00128,00351,-00221
11:32:32.764 -> Raw:09552,-20320,-01016,12668,21288,-28105,-00135,00315,-00260
11:32:32.798 -> Raw:11184,-20872,00640,18528,22937,-22939,-00132,00285,-00262
11:32:32.836 -> Raw:11856,-18848,02176,25688,25436,-20223,-00127,00253,-00297
11:32:32.874 -> Raw:11096,-15272,02808,32657,25088,-18141,-00107,00207,-00321
11:32:32.874 -> Raw:10952,-11560,04224,32767,22709,-16940,-00096,00182,-00333
11:32:32.912 -> Raw:10344,-09400,05344,32767,23394,-11755,-00066,00146,-00330
11:32:32.945 -> Raw:08544,-06440,05760,32767,21384,-04744,-00049,00110,-00333
11:32:32.979 -> Raw:08728,-00464,06088,32767,21093,03468,-00026,00089,-00320
11:32:33.017 -> Raw:08080,00672,06280,32767,22792,06741,-00015,00064,-00307
11:32:33.050 -> Raw:06664,04584,05328,32767,20071,04851,-00013,00054,-00282
11:32:33.084 -> Raw:06096,08496,05480,32767,21280,10666,-00003,00028,-00258
11:32:33.122 -> Raw:06016,12144,05368,32767,19711,07104,-00001,00016,-00246
11:32:33.122 -> Raw:06440,12328,07120,29595,22295,02398,-00005,00014,-00230
11:32:33.160 -> Raw:04656,14176,04672,27038,25090,05881,-00003,00006,-00211
11:32:33.194 -> Raw:03464,15528,04480,24111,25305,05980,-00005,00007,-00200
11:32:33.232 -> Raw:02312,17520,02424,21130,27375,05902,-00006,-00001,-00203
11:32:33.269 -> Raw:02888,19288,00432,16767,30985,13339,-00017,00006,-00196
11:32:33.305 -> Raw:03736,24640,-03760,07520,32767,20431,-00011,00003,-00201
11:32:33.340 -> Raw:10904,32304,-06392,-09075,32767,32767,-00026,00014,-00217
11:32:33.340 -> Raw:14096,32767,-06280,-30278,32767,32767,-00067,00031,-00246
11:32:33.378 -> Raw:07144,29552,-03984,-32768,32767,30094,-00049,00110,-00368
11:32:33.415 -> Raw:00936,20688,-01112,-32768,32767,16568,-00003,00152,-00416
11:32:33.449 -> Raw:-02960,16120,03488,-32768,32767,06510,00045,00203,-00442
11:32:33.487 -> Raw:-03032,11688,05960,-32768,32767,03872,00085,00236,-00452
11:32:33.525 -> Raw:-02696,06824,07960,-32768,32767,01255,00130,00278,-00442
11:32:33.559 -> Raw:-07376,03272,07336,-32768,32767,00762,00167,00315,-00422
11:32:33.559 -> Raw:-08504,02360,06792,-29480,32767,-03831,00219,00334,-00388
11:32:33.597 -> Raw:-08104,00264,05192,-28461,32767,-07280,00241,00355,-00355
11:32:33.630 -> Raw:-10816,-01888,03400,-28197,30246,-14263,00258,00378,-00313
11:32:33.668 -> Raw:-11944,-02608,01608,-32378,24685,-21193,00260,00407,-00270
11:32:33.702 -> Raw:-11392,-05720,-01736,-32768,18994,-26132,00251,00423,-00246
11:32:33.740 -> Raw:-10576,-08856,-04152,-32768,15140,-25352,00233,00444,-00197
11:32:33.778 -> Raw:-11024,-12296,-07352,-32768,10775,-27143,00204,00459,-00155
11:32:33.778 -> Raw:-10368,-16104,-09088,-30699,04778,-28539,00172,00454,-00120
11:32:33.811 -> Raw:-06464,-20752,-08536,-21058,04712,-27278,00148,00449,-00090
11:32:33.849 -> Raw:-04360,-20408,-07552,-05542,09082,-32768,00119,00447,-00072
11:32:33.883 -> Raw:-02848,-18520,-10256,00144,16538,-32768,00074,00449,-00065
11:32:33.918 -> Raw:01360,-19320,-10664,-01257,21681,-32768,-00007,00427,-00072
11:32:33.952 -> Raw:04544,-22584,-09704,-03537,29128,-32768,-00067,00406,-00093
11:32:33.985 -> Raw:07232,-23664,-10208,02423,32767,-32768,-00107,00363,-00111
11:32:34.020 -> Raw:08784,-22312,-10192,04008,32767,-32768,-00138,00330,-00135
11:32:34.054 -> Raw:07896,-22712,-09080,08306,32767,-27705,-00158,00306,-00181
11:32:34.092 -> Raw:10856,-18648,-07336,13247,32767,-22072,-00160,00274,-00216
11:32:34.092 -> Raw:13120,-18424,-02536,17914,32295,-13759,-00138,00248,-00242
11:32:34.126 -> Raw:12952,-16632,-01368,26601,32098,-13578,-00119,00228,-00282
11:32:34.159 -> Raw:13288,-13848,00584,32767,30632,-13159,-00116,00198,-00295
11:32:34.197 -> Raw:11008,-12248,02568,32767,28528,-09077,-00096,00165,-00331
11:32:34.232 -> Raw:10944,-08416,03288,32767,27512,-03738,-00074,00136,-00330
11:32:34.268 -> Raw:08680,-05344,03176,32767,25154,00981,-00050,00109,-00320
11:32:34.303 -> Raw:09376,-00328,05184,32767,21657,08179,-00030,00083,-00323
11:32:34.338 -> Raw:09264,02200,05368,32767,22960,09297,-00023,00064,-00297
11:32:34.338 -> Raw:08072,05928,04760,32767,20325,08937,-00013,00049,-00277
11:32:34.377 -> Raw:07624,09872,06624,32767,20527,10009,-00018,00024,-00260
11:32:34.415 -> Raw:11040,09184,07720,29842,22736,09884,-00010,00032,-00235
11:32:34.452 -> Raw:06744,11304,05968,30889,27169,06669,-00019,00031,-00238
11:32:34.490 -> Raw:05832,14704,06248,26429,28130,12039,-00015,00019,-00225
11:32:34.528 -> Raw:04032,15696,04096,22220,29778,10183,-00029,00014,-00217
11:32:34.528 -> Raw:05096,19152,02416,19371,28339,11907,-00033,00021,-00223
11:32:34.561 -> Raw:06000,22304,00888,11822,30754,17387,-00037,00027,-00232
11:32:34.599 -> Raw:07296,24904,00040,03771,31377,18716,-00050,00032,-00242
11:32:34.634 -> Raw:06976,25600,00328,-04493,32767,17679,-00054,00040,-00276
11:32:34.672 -> Raw:05688,25880,00208,-14018,32767,20367,-00057,00058,-00296
11:32:34.706 -> Raw:04776,22896,02000,-19567,32767,17164,-00053,00089,-00335
11:32:34.740 -> Raw:04600,21248,03576,-24621,32767,19338,-00042,00106,-00380
11:32:34.776 -> Raw:05200,19312,04816,-29892,32767,19912,-00019,00137,-00418
11:32:34.776 -> Raw:03040,17528,04992,-32768,32767,17337,00047,00186,-00437
11:32:34.810 -> Raw:-00272,13920,04528,-32768,32767,13152,00103,00216,-00455
11:32:34.845 -> Raw:00744,13112,04344,-32768,32767,11285,00168,00259,-00446
11:32:34.883 -> Raw:-02352,10368,01904,-32768,32767,06640,00225,00275,-00422
11:32:34.921 -> Raw:-07392,06192,-00000,-32768,32767,-02942,00282,00306,-00376
11:32:34.955 -> Raw:-11912,01496,-00616,-26991,32767,-15884,00312,00329,-00323
11:32:34.988 -> Raw:-13016,-01176,-01440,-22885,29271,-26831,00334,00345,-00272
11:32:35.022 -> Raw:-12304,-03896,-03272,-27015,22960,-31964,00306,00386,-00218
11:32:35.055 -> Raw:-13640,-08008,-05608,-30357,19491,-29360,00274,00408,-00173
11:32:35.093 -> Raw:-14408,-10176,-05272,-28201,14430,-28090,00252,00434,-00140
11:32:35.093 -> Raw:-11168,-10096,-07720,-24750,12496,-28017,00228,00439,-00122
11:32:35.131 -> Raw:-12160,-13664,-09144,-22864,09628,-29174,00196,00434,-00087
11:32:35.166 -> Raw:-10232,-19312,-08520,-10067,09672,-32768,00170,00444,-00065
11:32:35.204 -> Raw:-06000,-19256,-10032,04297,16078,-32768,00111,00442,-00065
11:32:35.238 -> Raw:-03560,-17800,-12232,03022,21812,-32768,00049,00445,-00081
11:32:35.273 -> Raw:01408,-23272,-10704,-00913,22733,-32768,-00009,00428,-00088
11:32:35.311 -> Raw:06680,-23296,-10608,04137,32333,-32768,-00077,00395,-00107
11:32:35.311 -> Raw:09920,-22240,-11664,04277,32767,-32768,-00122,00352,-00135
11:32:35.348 -> Raw:10576,-22640,-10448,06279,32767,-32721,-00139,00306,-00176
11:32:35.385 -> Raw:11232,-19968,-09280,10843,32767,-30302,-00151,00288,-00217
11:32:35.419 -> Raw:11248,-17008,-07280,11518,32767,-20839,-00135,00258,-00247
11:32:35.457 -> Raw:13328,-15640,-03352,13369,32767,-12733,-00124,00236,-00287
11:32:35.494 -> Raw:12936,-14736,-02592,19475,32767,-10855,-00110,00219,-00318
11:32:35.533 -> Raw:11456,-12040,-00456,22763,31024,-03697,-00081,00195,-00328
11:32:35.533 -> Raw:11880,-08456,02512,25168,26855,-00243,-00055,00173,-00362
11:32:35.571 -> Raw:11336,-07584,04688,27359,24672,02407,-00041,00150,-00368
11:32:35.604 -> Raw:09552,-06040,05840,29977,28904,03876,-00013,00134,-00365
11:32:35.642 -> Raw:06256,-05072,06120,32317,28123,06478,00011,00110,-00376
11:32:35.676 -> Raw:06680,-04032,07120,32767,25582,11702,00022,00080,-00351
11:32:35.710 -> Raw:05704,00408,04816,32767,27328,11063,00038,00058,-00343
11:32:35.748 -> Raw:04184,05528,03928,32767,24803,14852,00043,00043,-00323
11:32:35.748 -> Raw:06184,08672,02568,32767,26568,17980,00042,00014,-00307
11:32:35.783 -> Raw:03984,11936,02912,32767,27063,15751,00041,-00006,-00251
11:32:35.816 -> Raw:05544,12232,03984,32240,28392,15662,00042,-00007,-00232
11:32:35.850 -> Raw:05368,13648,03128,30021,32767,22633,00030,-00013,-00218
11:32:35.885 -> Raw:04256,15664,02016,26858,32767,24133,00001,-00003,-00201
11:32:35.918 -> Raw:04216,19872,-02576,23102,32767,26842,-00015,00007,-00202
11:32:35.956 -> Raw:02808,28672,-07480,17918,30283,24300,-00050,00004,-00197
11:32:35.993 -> Raw:03952,31592,-08448,01516,29181,24862,-00055,00022,-00217
11:32:36.028 -> Raw:08416,27808,-04488,-08236,29140,23420,-00083,00040,-00258
11:32:36.061 -> Raw:10912,24256,00504,-09893,29942,14328,-00096,00063,-00286
11:32:36.098 -> Raw:10648,22264,04104,-12602,32767,12621,-00085,00084,-00320
11:32:36.098 -> Raw:09712,20976,04840,-12504,32767,11644,-00074,00091,-00345
11:32:36.136 -> Raw:09240,19520,05696,-13983,32767,10226,-00045,00114,-00370
11:32:36.170 -> Raw:09280,17304,07728,-14101,32767,12487,-00025,00130,-00401
11:32:36.204 -> Raw:08304,16216,05152,-14420,32767,10167,00001,00142,-00436
11:32:36.242 -> Raw:05304,15008,04760,-13123,32767,05972,00091,00177,-00458
11:32:36.277 -> Raw:04016,12416,01424,-15171,32767,05911,00156,00188,-00452
11:32:36.315 -> Raw:01984,10872,-00272,-14549,32767,-00770,00221,00199,-00436
11:32:36.315 -> Raw:-02936,08008,00912,-13419,32767,-12497,00268,00226,-00402
11:32:36.353 -> Raw:-03360,04992,01600,-10720,32767,-17467,00312,00234,-00363
11:32:36.386 -> Raw:-06216,01600,00136,-09096,32767,-24041,00341,00257,-00331
11:32:36.424 -> Raw:-09632,00216,-02984,-10191,32767,-29475,00353,00285,-00300
11:32:36.463 -> Raw:-13496,-01344,-05024,-10272,27485,-32768,00359,00306,-00266
11:32:36.498 -> Raw:-13560,-02432,-06040,-11803,18342,-32768,00350,00340,-00230
11:32:36.536 -> Raw:-14600,-05496,-06776,-12570,10299,-32768,00330,00371,-00211
11:32:36.536 -> Raw:-12920,-10400,-07088,-09021,05397,-32768,00277,00421,-00201
11:32:36.575 -> Raw:-21656,-17800,-04288,07061,-05586,-32768,00236,00447,-00192
11:32:36.609 -> Raw:-19904,-19128,-05408,29978,-13009,-32768,00183,00457,-00192
11:32:36.642 -> Raw:-14632,-19744,00600,32506,-19355,-32768,00142,00463,-00241
11:32:36.680 -> Raw:-10328,-19312,01000,31076,-21906,-32768,00061,00444,-00275
11:32:36.714 -> Raw:-01248,-16376,04808,23545,-17132,-27911,00017,00428,-00308
11:32:36.748 -> Raw:-00608,-16000,07424,18339,-02716,-11882,-00017,00413,-00313
11:32:36.782 -> Raw:-01792,-14768,09088,15510,01894,-01326,-00019,00401,-00331
11:32:36.782 -> Raw:-01472,-14192,11016,13772,04294,07363,-00029,00392,-00335
11:32:36.820 -> Raw:-01016,-12408,12312,13803,08180,12719,-00014,00381,-00353
11:32:36.858 -> Raw:-03440,-12512,11592,14564,11632,22951,00014,00373,-00373
11:32:36.893 -> Raw:-04592,-09120,10136,09704,12946,28565,00045,00367,-00370
11:32:36.927 -> Raw:-06944,-10016,10984,07872,12140,27836,00067,00368,-00391
11:32:36.965 -> Raw:-07568,-05848,11544,03940,08266,20058,00096,00373,-00391
11:32:36.998 -> Raw:-08912,-08224,11728,04062,07138,12933,00108,00365,-00395
11:32:37.034 -> Raw:-10456,-07168,12472,04616,05184,10015,00122,00362,-00390
11:32:37.034 -> Raw:-09896,-06384,11992,04037,03810,08970,00147,00346,-00391
11:32:37.072 -> Raw:-11056,-06424,12016,02997,04219,05510,00148,00350,-00392
11:32:37.106 -> Raw:-11600,-04616,11824,01437,03551,06521,00155,00344,-00398
11:32:37.144 -> Raw:-11560,-04296,10880,00012,03470,04569,00160,00339,-00393
11:32:37.182 -> Raw:-12808,-03136,09696,-00673,03783,03730,00171,00334,-00406
11:32:37.217 -> Raw:-12824,-03240,-16352,-05271,03798,04100,00170,00340,-00402
11:32:37.251 -> Raw:-12440,-04648,10056,00232,00746,00519,00177,00340,-00392
11:32:37.285 -> Raw:-11960,-04000,10808,00739,-01015,00138,00183,00337,-00397
11:32:37.285 -> Raw:-11928,-04160,10592,-00402,-00503,00452,00187,00339,-00398
11:32:37.320 -> Raw:-12008,-04528,10800,-00304,00678,-00131,00189,00334,-00393
11:32:37.358 -> Raw:-12552,-04544,11224,-00134,01457,00636,00173,00339,-00383
11:32:37.391 -> Raw:-12008,-04424,10840,-00738,00580,01310,00176,00336,-00393
11:32:37.425 -> Raw:-11568,-04584,10600,-00537,00957,00236,00180,00345,-00385
11:32:37.459 -> Raw:-12080,-04344,10256,00407,01236,00948,00184,00344,-00386
11:32:37.497 -> Raw:-12248,-03616,09472,-00544,01654,01477,00175,00340,-00395
11:32:37.532 -> Raw:-12040,-04208,09696,-00840,01485,00904,00185,00342,-00385
11:32:37.570 -> Raw:-12368,-04416,09984,-00777,02053,00034,00185,00337,-00387
11:32:37.570 -> Raw:-12512,-04008,10160,00578,00599,00234,00188,00347,-00387
11:32:37.608 -> Raw:-12560,-03496,09744,00171,00464,00343,00195,00344,-00398
11:32:37.642 -> Raw:-12064,-04088,10064,-00100,01652,00399,00191,00332,-00385
11:32:37.677 -> Raw:-13024,-04040,09888,00536,01794,00222,00191,00335,-00382
11:32:37.715 -> Raw:-12800,-03936,09792,00081,01569,00600,00183,00337,-00392
11:32:37.753 -> Raw:-12992,-03496,10104,-00122,01890,00756,00193,00342,-00390
11:32:37.753 -> Raw:-13296,-03920,09496,00673,01884,01693,00199,00342,-00387
11:32:37.787 -> Raw:-12952,-03520,09656,-00200,01298,01697,00204,00340,-00385
11:32:37.825 -> Raw:-13224,-04984,09456,-00099,00771,01112,00204,00340,-00375
11:32:37.863 -> Raw:-13416,-03640,09808,02359,00416,00366,00192,00336,-00378
11:32:37.901 -> Raw:-14952,-02816,17680,02137,01496,03057,00195,00334,-00378
11:32:37.936 -> Raw:-13480,-03680,09304,01243,02272,00797,00205,00339,-00383
11:32:37.971 -> Raw:-14128,-03856,09960,-00239,00968,01066,00203,00326,-00376
11:32:38.009 -> Raw:-13208,-04088,09736,-00720,00715,01000,00204,00327,-00387
11:32:38.009 -> Raw:-12864,-03616,09152,-01625,01426,00911,00205,00326,-00381
11:32:38.045 -> Raw:-13592,-02856,09728,-00538,00599,01209,00212,00322,-00380
11:32:38.083 -> Raw:-11832,-03032,09168,01141,00291,00550,00215,00340,-00372
11:32:38.121 -> Raw:-13144,-03016,08992,00166,01224,00222,00204,00340,-00397
11:32:38.155 -> Raw:-14000,-03232,08992,00256,00800,00152,00227,00334,-00383
11:32:38.188 -> Raw:-13400,-02920,09072,-00046,00223,-00116,00227,00331,-00386
11:32:38.226 -> Raw:-13424,-02896,08616,00032,00212,-00640,00228,00327,-00392
11:32:38.226 -> Raw:-13432,-03384,09088,00325,-00323,-00430,00213,00331,-00376
11:32:38.264 -> Raw:-13320,-03472,08608,-00252,00755,-00283,00216,00331,-00378
11:32:38.299 -> Raw:-13136,-03272,08920,-00533,01297,-00149,00219,00334,-00378
11:32:38.333 -> Raw:-13632,-03104,09208,00860,00167,-00825,00223,00335,-00380
11:32:38.369 -> Raw:-13696,-03224,08944,00783,-00092,00078,00217,00332,-00377
11:32:38.403 -> Raw:-13816,-03224,09056,00386,00106,00354,00223,00335,-00392
11:32:38.440 -> Raw:-13672,-03312,09136,00184,-00179,-00250,00225,00327,-00382
11:32:38.473 -> Raw:-13480,-03392,08648,00353,00117,-00087,00213,00324,-00373
11:32:38.473 -> Raw:-13784,-03272,09152,00400,-00240,-00121,00215,00330,-00385
11:32:38.511 -> Raw:-13456,-02960,09032,00388,-00641,00404,00212,00340,-00385
11:32:38.545 -> Raw:-13568,-03072,09128,00031,00309,00159,00223,00335,-00380
11:32:38.578 -> Raw:-13696,-02984,09048,-00439,00148,-00274,00219,00329,-00378
11:32:38.611 -> Raw:-13400,-03200,09224,-00023,-00008,-00161,00220,00340,-00382
