11:46:36.465 -> Raw:-00304,-09432,13608,-00138,00091,00020,-00185,-00123,-00371
11:46:36.503 -> Raw:-00560,-09584,13544,-00112,00088,00086,-00173,-00125,-00360
11:46:36.537 -> Raw:-00392,-09552,13432,-00259,00025,00139,-00178,-00125,-00365
11:46:36.537 -> Raw:-00360,-09488,13504,-00482,00439,-00061,-00179,-00118,-00368
11:46:36.574 -> Raw:-00288,-09312,13544,-00254,00445,-00248,-00182,-00123,-00381
11:46:36.612 -> Raw:-00472,-09616,13432,-00476,00374,-00013,-00185,-00126,-00363
11:46:36.649 -> Raw:-00536,-09376,13448,-00450,00220,-00184,-00190,-00121,-00363
11:46:36.683 -> Raw:-00544,-09632,13448,-00462,00194,-00223,-00186,-00115,-00372
11:46:36.721 -> Raw:-00520,-09616,13480,-00327,00068,-00360,-00187,-00118,-00358
11:46:36.759 -> Raw:-00288,-09608,13520,-00413,00008,-00004,-00177,-00131,-00368
11:46:36.797 -> Raw:-00592,-09408,13560,-00269,00414,-00109,-00183,-00117,-00360
11:46:36.797 -> Raw:-00600,-09464,13400,-00357,00332,-00155,-00175,-00130,-00367
11:46:36.835 -> Raw:-00536,-09304,13512,-00583,00307,00016,-00185,-00121,-00371
11:46:36.873 -> Raw:-00584,-09536,13624,-00581,00483,-00097,-00187,-00126,-00371
11:46:36.906 -> Raw:-00432,-09624,13504,-00448,00330,-00035,-00181,-00134,-00370
11:46:36.942 -> Raw:-00432,-09520,13616,-00359,-00014,-00177,-00175,-00120,-00375
11:46:36.979 -> Raw:-00472,-09600,13552,-00238,00184,00117,-00185,-00126,-00373
11:46:37.016 -> Raw:-00400,-09688,13600,-00366,-00091,-00072,-00187,-00126,-00373
11:46:37.054 -> Raw:-00344,-09680,13688,-00351,00316,-00486,-00183,-00120,-00365
11:46:37.054 -> Raw:-00552,-09352,13528,-00391,00083,00196,-00183,-00122,-00372
11:46:37.092 -> Raw:-00472,-09592,13544,-00114,00468,-00151,-00183,-00120,-00375
11:46:37.126 -> Raw:-00408,-09520,13336,-00304,-00106,-00559,-00181,-00120,-00362
11:46:37.164 -> Raw:-00488,-09648,13528,-00358,00215,-00334,-00186,-00125,-00375
11:46:37.202 -> Raw:-00368,-09568,13256,-00536,-00109,-00053,-00182,-00128,-00363
11:46:37.240 -> Raw:-00400,-09520,13440,-00449,00320,00028,-00182,-00123,-00373
11:46:37.278 -> Raw:-00304,-09232,13528,-00453,-00096,-00441,-00179,-00123,-00368
11:46:37.278 -> Raw:-00408,-09424,13408,-00516,00302,-00231,-00183,-00122,-00367
11:46:37.316 -> Raw:-00520,-09432,13472,-00220,00078,-00271,-00179,-00126,-00368
11:46:37.354 -> Raw:-00520,-09528,13568,-00519,00460,00054,-00187,-00123,-00378
11:46:37.393 -> Raw:-00288,-09576,13544,-00642,00263,-00138,-00190,-00128,-00366
11:46:37.430 -> Raw:-00392,-09576,13528,-00473,00001,-00152,-00177,-00121,-00368
11:46:37.468 -> Raw:-00320,-09280,13488,-00411,00089,00120,-00190,-00118,-00363
11:46:37.506 -> Raw:-00384,-09464,13304,-00399,00165,-00175,-00173,-00125,-00362
11:46:37.506 -> Raw:-00360,-09464,13344,-00090,00291,00311,-00189,-00127,-00365
11:46:37.545 -> Raw:-00536,-09304,13192,-00203,00229,00293,-00177,-00126,-00371
11:46:37.583 -> Raw:-00520,-09304,13424,-00482,00110,00067,-00190,-00126,-00368
11:46:37.621 -> Raw:-00736,-09456,13496,-00473,00451,-00037,-00189,-00127,-00362
11:46:37.659 -> Raw:-00384,-09488,13496,-00540,00060,00009,-00183,-00120,-00370
11:46:37.692 -> Raw:-00352,-09248,13576,-00259,00202,-00168,-00175,-00122,-00365
11:46:37.730 -> Raw:-00328,-09440,13552,-00418,00286,-00048,-00178,-00117,-00362
11:46:37.730 -> Raw:-00568,-09552,13496,-00491,00089,-00166,-00174,-00128,-00368
11:46:37.763 -> Raw:-00584,-09272,13552,-00181,00196,-00427,-00175,-00134,-00370
11:46:37.801 -> Raw:-00448,-09448,13560,-00467,00660,-00330,-00181,-00130,-00372
11:46:37.839 -> Raw:-00576,-09744,13664,-00458,00324,-00472,-00179,-00131,-00371
11:46:37.877 -> Raw:01712,-06128,11640,32041,-07369,-11851,-00178,-00120,-00367
11:46:37.915 -> Raw:-03472,-10296,15048,-05077,01972,08401,-00195,-00141,-00368
11:46:37.950 -> Raw:-03552,-11328,22504,-27468,-06127,-01317,-00195,-00141,-00371
11:46:37.988 -> Raw:05192,-12424,18136,-32768,-02689,-12249,-00202,-00127,-00367
11:46:37.988 -> Raw:02904,-17160,15552,-32768,22717,-06639,-00194,-00095,-00352
11:46:38.026 -> Raw:01632,-22216,13392,-32768,18167,09398,-00187,-00069,-00334
11:46:38.059 -> Raw:01456,-16408,04000,-28447,20702,10414,-00179,-00060,-00306
11:46:38.097 -> Raw:02800,-19152,02744,-27952,21944,11252,-00165,-00041,-00318
11:46:38.135 -> Raw:00472,-15264,-04088,-24583,22829,06366,-00136,-00034,-00298
11:46:38.174 -> Raw:00552,-16552,-05184,-15733,17474,05817,-00123,-00022,-00280
11:46:38.174 -> Raw:00776,-18248,-05304,-12744,16425,08582,-00115,-00017,-00273
11:46:38.212 -> Raw:00304,-17392,-07016,-11072,13156,08545,-00086,00002,-00253
11:46:38.250 -> Raw:01304,-17584,-10176,-13926,07619,06811,-00074,-00013,-00244
11:46:38.288 -> Raw:01480,-17976,-11800,-12135,-00554,09983,-00076,-00007,-00226
11:46:38.321 -> Raw:01200,-19216,-11736,-09501,-06961,16819,-00064,-00011,-00222
11:46:38.355 -> Raw:00152,-17472,-10568,-05286,-12968,29899,-00048,-00023,-00214
11:46:38.390 -> Raw:-00328,-12208,-09024,-05479,-14823,32767,-00011,-00028,-00224
11:46:38.390 -> Raw:-01928,-12136,-08440,-06743,-21586,32767,00009,-00057,-00227
11:46:38.423 -> Raw:-03032,-09200,-07448,-00643,-26656,32767,00026,-00076,-00240
11:46:38.457 -> Raw:-05128,-05904,-04632,-03246,-22004,32767,00044,-00105,-00263
11:46:38.495 -> Raw:-06320,-04424,-04000,-04264,-25019,32767,00052,-00152,-00298
11:46:38.533 -> Raw:-06736,-01080,-02008,-02038,-27317,32767,00043,-00182,-00324
11:46:38.571 -> Raw:-08352,-00216,00640,04592,-26006,32767,00032,-00212,-00344
11:46:38.609 -> Raw:-06496,03024,02184,09436,-21119,32767,-00000,-00257,-00372
11:46:38.609 -> Raw:-03824,07160,02680,13316,-17478,32767,-00006,-00275,-00371
11:46:38.643 -> Raw:-03184,12448,00960,11445,-17824,32767,-00060,-00321,-00375
11:46:38.677 -> Raw:-00944,15040,02320,12799,-14230,32767,-00091,-00353,-00372
11:46:38.715 -> Raw:00416,16928,05064,07759,-06191,32767,-00158,-00376,-00346
11:46:38.748 -> Raw:02200,19040,05064,00645,03047,32767,-00192,-00381,-00354
11:46:38.786 -> Raw:04512,24408,04120,-04074,08204,24731,-00216,-00391,-00341
11:46:38.820 -> Raw:05512,25144,06088,-01145,12423,12439,-00224,-00383,-00349
11:46:38.853 -> Raw:08472,25512,07096,-06236,18153,02591,-00227,-00386,-00356
11:46:38.887 -> Raw:09352,28656,11432,-16707,30332,-13993,-00215,-00382,-00375
11:46:38.925 -> Raw:13608,32767,15584,-29454,32767,-32768,-00169,-00359,-00388
11:46:38.925 -> Raw:15440,32767,12408,-32768,32767,-32768,-00107,-00345,-00404
11:46:38.959 -> Raw:12520,18728,01056,-21278,32767,-32768,00013,-00282,-00375
11:46:38.997 -> Raw:01616,07088,-05648,-10143,32767,-32768,00049,-00242,-00355
11:46:39.031 -> Raw:-05592,07128,-05872,-02648,32767,-32768,00068,-00161,-00288
11:46:39.069 -> Raw:-05856,04608,-06568,-01638,31506,-32768,00072,-00128,-00267
11:46:39.102 -> Raw:-04792,-01544,-07976,01333,31378,-32768,00023,-00076,-00231
11:46:39.136 -> Raw:-02624,-02544,-10080,07650,26870,-32768,-00007,-00034,-00206
11:46:39.174 -> Raw:00936,-06000,-11640,13337,17847,-32768,-00043,-00001,-00195
11:46:39.174 -> Raw:03768,-09232,-09856,07818,06923,-32768,-00128,00024,-00198
11:46:39.212 -> Raw:09184,-13080,-06504,16392,-00323,-32768,-00194,00022,-00208
11:46:39.250 -> Raw:11176,-17752,-02432,22658,-02480,-32768,-00249,00019,-00216
11:46:39.288 -> Raw:08896,-25136,-00736,23504,01264,-32768,-00297,00001,-00237
11:46:39.329 -> Raw:09216,-23376,00384,30252,07287,-24021,-00317,-00017,-00250
11:46:39.329 -> Raw:12344,-18760,00928,32767,11820,-18106,-00347,-00040,-00277
11:46:39.366 -> Raw:14016,-17048,02808,32767,12178,-20745,-00351,-00051,-00313
11:46:39.403 -> Raw:13352,-18680,09040,32767,20972,-24785,-00343,-00100,-00342
11:46:39.437 -> Raw:13640,-17336,12928,32767,31400,-20768,-00341,-00134,-00380
11:46:39.472 -> Raw:14488,-14928,13736,32767,32767,-18615,-00318,-00180,-00411
11:46:39.510 -> Raw:13560,-13680,14224,30154,32767,-16759,-00280,-00240,-00422
11:46:39.544 -> Raw:10472,-11624,15728,20450,32767,-12749,-00253,-00268,-00433
11:46:39.544 -> Raw:08696,-07848,15496,16938,32767,-05121,-00208,-00278,-00436
11:46:39.578 -> Raw:06312,-09048,15056,13731,32767,02821,-00168,-00301,-00419
11:46:39.616 -> Raw:02552,-10856,13024,08499,32767,13494,-00152,-00309,-00412
11:46:39.652 -> Raw:-00016,-08256,13120,04755,32767,25396,-00123,-00321,-00392
11:46:39.690 -> Raw:-00816,-05864,11440,07254,32614,32767,-00120,-00336,-00382
11:46:39.728 -> Raw:-01176,-04544,09104,08458,29692,32767,-00110,-00355,-00355
11:46:39.765 -> Raw:-00376,-03096,09072,07131,28380,32767,-00123,-00363,-00337
11:46:39.765 -> Raw:-01648,-02584,11032,-03993,29120,32767,-00145,-00381,-00344
11:46:39.803 -> Raw:02336,-00264,14800,-03278,32078,32767,-00196,-00380,-00331
11:46:39.841 -> Raw:09888,07216,15056,-03507,32767,32767,-00217,-00372,-00335
11:46:39.879 -> Raw:12136,21752,12968,04466,32767,32767,-00257,-00358,-00340
11:46:39.913 -> Raw:08184,28968,08760,-04662,32767,32767,-00269,-00347,-00339
11:46:39.947 -> Raw:05328,30736,11064,-02546,32767,18774,-00255,-00334,-00363
11:46:39.981 -> Raw:03328,21056,13344,-10093,32767,14824,-00245,-00339,-00383
11:46:39.981 -> Raw:01576,21488,12416,-09298,32767,15730,-00208,-00334,-00391
11:46:40.019 -> Raw:03592,23312,14792,-12235,32767,03559,-00173,-00328,-00409
11:46:40.057 -> Raw:03648,28000,14568,-18289,32767,-13695,-00143,-00327,-00413
11:46:40.095 -> Raw:-00808,25024,11840,-23161,32767,-24816,-00059,-00305,-00418
11:46:40.133 -> Raw:02576,20512,11336,-13413,32767,-32768,-00013,-00282,-00399
11:46:40.168 -> Raw:00424,17288,06208,-07465,32767,-32768,00052,-00237,-00347
11:46:40.206 -> Raw:-03480,11064,-00328,-02803,32767,-32768,00080,-00204,-00262
11:46:40.206 -> Raw:-06080,08096,-02040,04024,32767,-29189,00082,-00163,-00222
11:46:40.245 -> Raw:-07568,05880,-04016,03528,32767,-29565,00076,-00127,-00168
11:46:40.283 -> Raw:-06392,02648,-06248,01304,32767,-31491,00047,-00112,-00136
11:46:40.321 -> Raw:-03816,01624,-09184,01212,32767,-30533,00021,-00073,-00106
11:46:40.359 -> Raw:-03056,00376,-10040,06446,32546,-28448,-00024,-00065,-00090
11:46:40.359 -> Raw:-00216,-00112,-10552,07146,32293,-28684,-00066,-00038,-00078
11:46:40.397 -> Raw:-00432,-01128,-11336,10251,32767,-31483,-00098,-00023,-00060
11:46:40.431 -> Raw:04952,-02328,-11040,16213,32445,-32370,-00139,-00012,-00069
11:46:40.468 -> Raw:08544,-05872,-08944,24082,32767,-32768,-00195,00001,-00085
11:46:40.505 -> Raw:12368,-10384,-09304,30430,30892,-32768,-00253,00013,-00113
11:46:40.543 -> Raw:14480,-14736,-11544,30867,22166,-32768,-00274,00001,-00127
11:46:40.576 -> Raw:14504,-17472,-11360,32077,09856,-22382,-00304,-00012,-00176
11:46:40.576 -> Raw:14720,-18520,-08192,32767,00676,-07193,-00321,-00015,-00204
11:46:40.609 -> Raw:15088,-16584,-04872,32767,-02675,-00127,-00328,-00022,-00243
11:46:40.647 -> Raw:14568,-18504,02576,32767,-03057,-00537,-00332,-00033,-00281
11:46:40.686 -> Raw:12944,-19496,09472,32767,08010,-03549,-00328,-00071,-00330
11:46:40.724 -> Raw:13232,-17960,11776,32767,22118,-03424,-00334,-00089,-00366
11:46:40.762 -> Raw:14024,-15000,14264,32767,25578,-07975,-00315,-00142,-00417
11:46:40.796 -> Raw:12488,-16648,13592,32767,31625,-15239,-00304,-00191,-00424
11:46:40.796 -> Raw:10088,-15824,12568,29453,32767,-08288,-00271,-00241,-00433
11:46:40.834 -> Raw:08752,-11936,13720,19914,32767,-00857,-00242,-00261,-00440
11:46:40.872 -> Raw:07160,-08256,14424,10928,31269,04611,-00203,-00285,-00433
11:46:40.910 -> Raw:05568,-07856,15824,06328,32767,11495,-00173,-00306,-00419
11:46:40.948 -> Raw:03544,-07744,16480,02759,32767,18752,-00154,-00314,-00432
11:46:40.982 -> Raw:00568,-07104,16120,-01049,32767,26695,-00136,-00306,-00412
11:46:41.020 -> Raw:00472,-06304,14664,-02551,32558,32767,-00120,-00314,-00404
11:46:41.020 -> Raw:-01424,-07256,13344,-04632,30242,32767,-00126,-00326,-00395
11:46:41.058 -> Raw:00096,-04848,12320,-01151,27332,32767,-00137,-00332,-00393
11:46:41.091 -> Raw:00392,-01896,11360,00581,29775,32767,-00143,-00342,-00376
11:46:41.125 -> Raw:02048,02928,11416,-06044,31958,32767,-00166,-00344,-00366
11:46:41.163 -> Raw:02616,06584,10256,-01132,31919,32767,-00190,-00347,-00371
11:46:41.201 -> Raw:02032,10984,07416,00959,29415,32767,-00204,-00350,-00362
11:46:41.201 -> Raw:01888,16432,06696,-00804,27630,32767,-00202,-00355,-00367
11:46:41.234 -> Raw:02072,20320,07744,-01058,26031,32767,-00217,-00353,-00370
11:46:41.268 -> Raw:02216,20872,11312,-00028,30120,29235,-00227,-00352,-00366
11:46:41.306 -> Raw:02872,21592,12096,-03985,32767,23009,-00229,-00342,-00381
11:46:41.344 -> Raw:03032,21760,11880,-06218,32767,16700,-00208,-00349,-00381
11:46:41.378 -> Raw:05144,21832,10912,-05936,32767,10450,-00190,-00344,-00413
11:46:41.416 -> Raw:05616,24176,10912,-12779,32767,-02036,-00162,-00343,-00407
11:46:41.455 -> Raw:02192,26800,14024,-14632,32767,-17335,-00120,-00333,-00407
11:46:41.455 -> Raw:00864,23312,13992,-09074,32767,-30343,-00044,-00311,-00395
11:46:41.490 -> Raw:01288,20864,14120,-11306,32767,-32768,00018,-00279,-00362
11:46:41.528 -> Raw:01208,17424,07208,-05384,32767,-32768,00047,-00262,-00335
11:46:41.566 -> Raw:-01296,10632,00096,04883,32767,-32768,00078,-00198,-00255
11:46:41.604 -> Raw:-07128,05504,-02176,07157,32767,-30773,00085,-00180,-00219
11:46:41.638 -> Raw:-08288,03400,-04256,07966,32767,-26978,00064,-00128,-00162
11:46:41.638 -> Raw:-07104,01856,-08320,12660,29784,-21053,00064,-00111,-00140
11:46:41.676 -> Raw:-06720,02992,-07664,21216,17778,-19241,00027,-00094,-00118
11:46:41.710 -> Raw:-10808,01664,-04000,18306,18942,-28964,00005,-00053,-00116
11:46:41.748 -> Raw:-02232,-03136,-09992,19888,27191,-32768,-00021,-00036,-00114
11:46:41.786 -> Raw:00680,-04352,-10424,22226,24907,-32768,-00066,-00001,-00113
11:46:41.824 -> Raw:04776,-07816,-09808,22218,22319,-32768,-00124,00023,-00125
11:46:41.862 -> Raw:08752,-10336,-11552,21885,17078,-32768,-00190,00035,-00147
11:46:41.862 -> Raw:10952,-13920,-11680,20374,08576,-32768,-00237,00035,-00165
11:46:41.896 -> Raw:11176,-17280,-09992,25184,-00074,-32768,-00266,00028,-00172
11:46:41.934 -> Raw:09440,-17776,-07232,28476,-04105,-22899,-00307,00007,-00201
11:46:41.972 -> Raw:08616,-16120,-03840,32767,-01856,-11528,-00321,00003,-00219
11:46:42.006 -> Raw:11384,-13336,-00120,32767,01507,-06480,-00330,-00004,-00260
11:46:42.044 -> Raw:12968,-13160,04808,32767,08327,-11388,-00326,-00020,-00274
11:46:42.044 -> Raw:13392,-18056,09536,32767,18265,-24211,-00336,-00063,-00347
11:46:42.078 -> Raw:12624,-20480,11792,32767,25157,-20909,-00334,-00114,-00376
11:46:42.116 -> Raw:12896,-19096,13064,32767,30230,-12545,-00329,-00163,-00408
11:46:42.150 -> Raw:13536,-15408,16040,32767,32696,-08219,-00307,-00210,-00434
11:46:42.188 -> Raw:13704,-14016,16688,28867,32767,-01926,-00263,-00246,-00436
11:46:42.222 -> Raw:11016,-13240,17256,21497,32767,04397,-00240,-00268,-00440
11:46:42.256 -> Raw:09144,-11224,17168,14974,32767,14798,-00215,-00289,-00432
11:46:42.290 -> Raw:08024,-09848,15752,08697,32767,22276,-00183,-00289,-00429
11:46:42.326 -> Raw:04680,-09112,15480,00904,32767,27269,-00156,-00310,-00418
11:46:42.326 -> Raw:01752,-06576,15160,01438,32767,32767,-00147,-00306,-00417
11:46:42.364 -> Raw:00880,-06704,12560,01895,32767,32767,-00137,-00320,-00388
11:46:42.402 -> Raw:-00248,-06952,09536,-00017,32767,32767,-00145,-00334,-00396
11:46:42.440 -> Raw:01504,-02440,09776,-04185,30731,32767,-00150,-00337,-00378
11:46:42.478 -> Raw:01160,02632,11464,-06573,27421,32767,-00161,-00344,-00383
11:46:42.516 -> Raw:02072,07016,12432,02629,28293,32767,-00179,-00347,-00386
11:46:42.516 -> Raw:01384,09672,11432,-01193,25816,32767,-00212,-00348,-00382
11:46:42.549 -> Raw:01456,15192,11160,-00638,23658,32767,-00221,-00349,-00388
11:46:42.583 -> Raw:00952,17632,14872,01383,26199,32767,-00225,-00350,-00377
11:46:42.621 -> Raw:-00536,16040,18728,-01144,32767,27060,-00225,-00345,-00377
11:46:42.654 -> Raw:01664,16896,13096,-00297,32767,23812,-00216,-00334,-00391
11:46:42.688 -> Raw:03960,17568,11688,-06470,32767,15384,-00187,-00349,-00401
11:46:42.726 -> Raw:05368,19688,11648,-06437,32767,10781,-00166,-00356,-00398
11:46:42.764 -> Raw:04784,22912,11016,-10850,32767,01447,-00108,-00349,-00413
11:46:42.764 -> Raw:05832,23664,08520,-09942,32767,-09572,-00091,-00348,-00404
11:46:42.802 -> Raw:03000,23344,07208,-11247,32767,-14136,-00030,-00332,-00386
11:46:42.840 -> Raw:01064,23248,06864,-10447,32767,-19663,00030,-00307,-00361
11:46:42.873 -> Raw:-01800,21552,07072,-08558,32767,-22871,00055,-00279,-00330
11:46:42.910 -> Raw:-04176,20568,07064,-04872,32767,-25630,00077,-00261,-00284
11:46:42.948 -> Raw:-04624,17088,06280,01732,32767,-28055,00090,-00234,-00237
11:46:42.984 -> Raw:-04784,13024,02936,05332,32767,-28265,00089,-00210,-00193
11:46:42.984 -> Raw:-04768,10008,00304,09418,32767,-27412,00084,-00169,-00136
11:46:43.021 -> Raw:-03400,07424,-03312,15995,32767,-26511,00057,-00147,-00101
11:46:43.059 -> Raw:-01952,04736,-07672,23670,32767,-28466,00034,-00115,-00062
11:46:43.098 -> Raw:00736,00768,-10936,27293,32767,-32153,00011,-00089,-00055
11:46:43.134 -> Raw:02088,-01896,-12360,27576,31233,-32768,-00066,-00042,-00040
11:46:43.172 -> Raw:04688,-04160,-10640,28607,26548,-32768,-00123,-00000,-00054
11:46:43.172 -> Raw:08416,-06376,-09696,30202,21597,-32768,-00157,00019,-00067
11:46:43.210 -> Raw:12280,-10288,-09368,27818,17250,-32768,-00219,00023,-00100
11:46:43.248 -> Raw:13608,-14888,-10872,27001,11299,-32768,-00267,00034,-00139
11:46:43.286 -> Raw:13928,-18088,-11232,25855,03592,-27525,-00300,00020,-00155
11:46:43.320 -> Raw:12144,-16560,-07648,27918,04311,-16331,-00329,00008,-00182
11:46:43.354 -> Raw:12752,-17496,-05216,32767,11395,-04489,-00338,00002,-00211
11:46:43.392 -> Raw:14544,-16504,-04752,32767,14447,03806,-00346,-00002,-00245
11:46:43.392 -> Raw:15376,-13768,-01344,32767,13540,-01901,-00345,-00030,-00309
11:46:43.430 -> Raw:15584,-13864,04944,32767,11033,-12418,-00333,-00061,-00352
11:46:43.468 -> Raw:11200,-20312,10120,32767,18498,-18292,-00329,-00126,-00406
11:46:43.504 -> Raw:10664,-23656,11128,32767,26899,-07134,-00321,-00141,-00416
11:46:43.542 -> Raw:12456,-17536,11896,32767,28413,06494,-00291,-00193,-00432
11:46:43.576 -> Raw:13752,-14128,11888,32767,27732,11502,-00278,-00225,-00442
11:46:43.614 -> Raw:09744,-14144,14368,26538,27381,16918,-00248,-00266,-00431
11:46:43.614 -> Raw:06904,-15656,13920,22980,27487,29682,-00233,-00284,-00434
11:46:43.652 -> Raw:04232,-14976,13392,20032,27978,32767,-00228,-00304,-00424
11:46:43.690 -> Raw:05512,-11016,10080,13396,26505,32767,-00224,-00310,-00411
11:46:43.728 -> Raw:05080,-12376,10104,02984,19418,32767,-00227,-00320,-00403
11:46:43.766 -> Raw:10560,-10304,13632,01733,21398,32767,-00246,-00304,-00419
11:46:43.766 -> Raw:12856,02400,14656,03944,24710,32767,-00253,-00288,-00408
11:46:43.804 -> Raw:08376,09520,14432,03088,30098,32767,-00263,-00268,-00421
11:46:43.842 -> Raw:04632,06200,14072,02043,29477,32767,-00248,-00261,-00426
11:46:43.876 -> Raw:03936,08960,16328,05668,31048,32767,-00245,-00258,-00440
11:46:43.912 -> Raw:01176,15032,10120,-01283,32767,32767,-00220,-00252,-00444
11:46:43.947 -> Raw:-01048,06408,18472,-22270,19723,32767,-00204,-00247,-00449
11:46:43.985 -> Raw:-00904,11976,18728,-09104,23806,32767,-00177,-00226,-00460
11:46:43.985 -> Raw:02016,11456,19304,-06352,32141,32767,-00157,-00220,-00474
11:46:44.023 -> Raw:00328,12304,22248,-01238,28955,25402,-00132,-00226,-00458
11:46:44.061 -> Raw:-03200,10320,24400,-13886,32767,19049,-00093,-00222,-00458
11:46:44.095 -> Raw:-01880,16544,23168,-06569,32767,09523,-00052,-00220,-00437
11:46:44.133 -> Raw:-00448,15472,21072,-04964,32767,03221,-00000,-00218,-00409
11:46:44.169 -> Raw:-03272,09760,16368,-08771,32767,00983,00042,-00220,-00372
11:46:44.207 -> Raw:-04160,08872,10864,-06997,32767,03638,00076,-00220,-00298
11:46:44.207 -> Raw:-05936,09200,07032,-09816,32767,09957,00080,-00224,-00222
11:46:44.245 -> Raw:-06840,09184,03440,-09381,32767,16838,00087,-00239,-00175
11:46:44.283 -> Raw:-05256,10536,01120,-08143,32767,19739,00052,-00245,-00089
11:46:44.317 -> Raw:-03512,09352,00136,-06689,32767,23611,00026,-00264,-00057
11:46:44.350 -> Raw:01704,10152,-01344,-04127,32767,25087,-00034,-00284,00002
11:46:44.388 -> Raw:04160,11880,00344,-05268,32767,20757,-00084,-00296,00024
11:46:44.426 -> Raw:09080,13696,-01728,11209,32767,17078,-00164,-00302,00043
11:46:44.426 -> Raw:13456,14992,-02304,23433,30174,04983,-00190,-00285,00045
11:46:44.464 -> Raw:14616,16872,-01960,32767,22037,-13201,-00234,-00248,00058
11:46:44.497 -> Raw:11272,13696,-06328,32767,09122,-32768,-00253,-00204,00055
11:46:44.532 -> Raw:09208,03752,-06272,32767,11233,-32768,-00254,-00166,00047
11:46:44.570 -> Raw:09008,01624,-13496,32767,31673,-32768,-00279,-00131,00036
11:46:44.608 -> Raw:08848,-03744,-13264,32767,28338,-32768,-00316,-00099,00003
11:46:44.608 -> Raw:12720,-01376,-11616,32767,32767,-32768,-00343,-00090,-00022
11:46:44.642 -> Raw:14104,-06112,-19864,32669,20451,-32768,-00392,-00099,-00063
11:46:44.676 -> Raw:12400,-07096,-12088,21943,12592,-28208,-00401,-00120,-00101
11:46:44.714 -> Raw:10920,-07768,-06720,32767,20202,-16205,-00426,-00133,-00122
11:46:44.752 -> Raw:14192,-09016,-04896,32767,28799,-04217,-00443,-00147,-00156
11:46:44.785 -> Raw:16664,-10664,-03528,32767,29729,-03870,-00434,-00136,-00204
11:46:44.819 -> Raw:15880,-11824,-00832,32767,29461,-09353,-00441,-00149,-00243
11:46:44.857 -> Raw:15144,-12360,02792,32767,32767,-08531,-00439,-00155,-00277
11:46:44.895 -> Raw:15576,-11096,06912,30969,32767,-05319,-00420,-00181,-00325
11:46:44.895 -> Raw:18360,-11640,09296,32767,32767,-00235,-00406,-00201,-00360
11:46:44.933 -> Raw:20312,-12360,09344,27758,32767,02123,-00363,-00229,-00386
11:46:44.971 -> Raw:18816,-12944,09984,17265,32767,05068,-00330,-00252,-00419
11:46:45.005 -> Raw:16680,-12864,12624,10292,32767,11704,-00308,-00246,-00436
11:46:45.043 -> Raw:11824,-11760,16408,05533,32551,17993,-00273,-00262,-00442
11:46:45.076 -> Raw:09192,-09240,17992,02737,32559,28892,-00245,-00263,-00443
11:46:45.114 -> Raw:06256,-05168,16584,-08441,31135,32767,-00216,-00273,-00448
11:46:45.114 -> Raw:04184,-05072,17656,-10876,26113,32577,-00195,-00256,-00450
11:46:45.150 -> Raw:01088,-10960,17336,-09677,31618,32767,-00194,-00252,-00457
11:46:45.188 -> Raw:-00584,-13304,12552,-05186,30727,32767,-00156,-00241,-00455
11:46:45.226 -> Raw:-03312,-11872,09032,-12145,27399,32767,-00143,-00239,-00458
11:46:45.259 -> Raw:-07224,-12928,10608,-20128,21709,32767,-00135,-00241,-00453
11:46:45.297 -> Raw:-05320,-11648,08144,-18578,13476,32767,-00115,-00237,-00449
11:46:45.297 -> Raw:-08048,-07408,07144,-15664,05017,32767,-00115,-00242,-00447
11:46:45.335 -> Raw:-08304,-01824,10408,-23858,06191,32767,-00126,-00235,-00452
11:46:45.373 -> Raw:-06040,-02216,10760,-24209,08877,32767,-00133,-00228,-00459
11:46:45.408 -> Raw:-06680,-04064,11688,-21019,03708,32767,-00139,-00223,-00457
11:46:45.441 -> Raw:-05896,-00544,11824,-20680,-00474,32767,-00136,-00206,-00459
11:46:45.479 -> Raw:-04416,04184,14616,-26791,-01435,32767,-00136,-00201,-00467
11:46:45.515 -> Raw:-00136,06216,17760,-24336,03716,32767,-00129,-00187,-00468
11:46:45.548 -> Raw:-02160,04400,18432,-28033,06245,32767,-00127,-00185,-00473
11:46:45.548 -> Raw:-05504,-00608,20800,-28532,09147,32767,-00120,-00149,-00467
11:46:45.586 -> Raw:-03016,00656,24136,-18938,16592,32767,-00112,-00137,-00459
11:46:45.624 -> Raw:-00560,00800,24640,-16020,23840,32767,-00074,-00136,-00455
11:46:45.658 -> Raw:-01968,-01392,27360,-12841,32767,32767,-00051,-00136,-00438
11:46:45.692 -> Raw:-01048,-00080,27640,-05525,32767,32767,00005,-00157,-00402
11:46:45.730 -> Raw:-02680,00752,25984,-02953,32767,32767,00034,-00164,-00402
11:46:45.765 -> Raw:-01920,02536,24384,01792,32767,32767,00061,-00224,-00334
11:46:45.798 -> Raw:-01296,05576,19776,07838,32767,32767,00072,-00261,-00289
11:46:45.798 -> Raw:-01424,07984,18440,14683,32767,32767,00064,-00302,-00214
11:46:45.836 -> Raw:00128,11568,18512,21088,32767,29683,00034,-00333,-00168
11:46:45.875 -> Raw:-00472,10624,13648,31262,32767,23566,00006,-00344,-00103
11:46:45.909 -> Raw:02152,11200,09624,32767,32767,12235,-00040,-00337,-00040
11:46:45.946 -> Raw:05104,11136,01928,32767,32767,00971,-00084,-00321,00024
11:46:45.982 -> Raw:03080,06000,-09008,18887,32767,01591,-00133,-00287,00049
11:46:46.016 -> Raw:06416,06976,00048,32767,32767,01928,-00194,-00225,00057
11:46:46.016 -> Raw:07120,07896,-11400,32767,25635,-05035,-00233,-00169,00064
11:46:46.055 -> Raw:09984,-00408,-12496,14666,32767,-10533,-00258,-00150,00050
11:46:46.093 -> Raw:07488,01728,-07080,32767,23973,-09979,-00282,-00145,00036
11:46:46.126 -> Raw:09080,-01120,-10552,32767,13365,-07555,-00326,-00096,00008
11:46:46.164 -> Raw:09432,-07384,-11712,32767,21666,00086,-00332,-00082,-00013
11:46:46.199 -> Raw:11104,-11064,-09816,32767,12580,03429,-00343,-00051,-00054
11:46:46.237 -> Raw:10104,-14896,-08936,32767,01023,14449,-00350,-00025,-00103
11:46:46.237 -> Raw:08608,-20392,-06248,32767,-06019,24422,-00337,-00006,-00145
11:46:46.275 -> Raw:04600,-26584,-06304,32767,10727,14953,-00312,00017,-00196
11:46:46.313 -> Raw:04888,-28608,-06192,32767,22585,26745,-00283,00044,-00265
11:46:46.351 -> Raw:08896,-26136,-02408,32767,32767,31198,-00253,00015,-00351
11:46:46.387 -> Raw:10120,-23336,05328,32767,31129,25866,-00208,-00013,-00396
11:46:46.425 -> Raw:06768,-22136,07368,32767,31302,20016,-00170,-00046,-00432
11:46:46.425 -> Raw:03464,-20224,09840,32767,31709,19830,-00131,-00093,-00442
11:46:46.463 -> Raw:-00288,-21480,12608,27698,20250,20562,-00111,-00121,-00458
11:46:46.501 -> Raw:-02952,-21992,10128,21159,16342,25456,-00076,-00174,-00449
11:46:46.535 -> Raw:-04856,-20352,09680,03628,16822,32767,-00072,-00185,-00445
11:46:46.569 -> Raw:-04984,-16768,08040,-08339,21287,32767,-00060,-00208,-00422
11:46:46.603 -> Raw:-06312,-14256,07640,-26250,12278,32767,-00045,-00229,-00421
11:46:46.636 -> Raw:-08368,-12848,07912,-32768,02616,32767,-00049,-00228,-00414
11:46:46.674 -> Raw:-09592,-12248,10256,-30168,09757,32767,-00061,-00263,-00426
11:46:46.674 -> Raw:-10520,-11256,07112,-27811,05871,32767,-00069,-00261,-00428
11:46:46.712 -> Raw:-04200,-08632,06336,-21127,-04278,32767,-00080,-00253,-00438
11:46:46.750 -> Raw:-04032,-01272,10736,-23841,02696,32767,-00107,-00257,-00439
11:46:46.784 -> Raw:-07272,02200,13096,-21547,03103,32767,-00112,-00269,-00452
11:46:46.822 -> Raw:-02848,03392,11200,-20495,02533,32767,-00123,-00255,-00454
11:46:46.855 -> Raw:-03944,05744,12416,-27650,06683,32767,-00133,-00264,-00449
11:46:46.893 -> Raw:-04392,06128,16672,-32768,05391,32767,-00143,-00231,-00465
11:46:46.893 -> Raw:-03176,05912,18968,-32768,12494,32767,-00137,-00222,-00470
11:46:46.931 -> Raw:-03056,03032,23088,-32768,27676,32767,-00126,-00193,-00469
11:46:46.969 -> Raw:-04656,03072,26536,-24889,30896,32767,-00082,-00172,-00460
11:46:47.007 -> Raw:-04672,-02000,26440,-16278,32767,32767,-00049,-00179,-00454
11:46:47.045 -> Raw:-04616,-01600,28240,-08319,32767,32767,-00003,-00197,-00423
11:46:47.083 -> Raw:-03152,-00648,27992,-01221,32767,32767,00031,-00220,-00382
11:46:47.083 -> Raw:-00720,00880,25984,05845,32767,32767,00047,-00267,-00355
11:46:47.121 -> Raw:01024,04688,21104,09160,32767,32767,00057,-00314,-00290
11:46:47.155 -> Raw:02752,08400,18424,11828,32767,32767,00045,-00342,-00252
11:46:47.189 -> Raw:00592,10712,15552,16854,32767,32767,00019,-00379,-00180
11:46:47.227 -> Raw:-00520,10520,11784,18928,32767,29553,00001,-00379,-00147
11:46:47.266 -> Raw:01272,11544,09896,24751,32767,25217,-00060,-00412,-00091
11:46:47.303 -> Raw:02008,12776,06480,27602,32767,20883,-00093,-00391,-00060
11:46:47.303 -> Raw:03240,11608,04752,32767,32767,16617,-00162,-00370,-00000
11:46:47.341 -> Raw:02672,09784,01672,32767,18795,15846,-00199,-00328,00027
11:46:47.380 -> Raw:05256,06240,-03400,32767,18183,17449,-00233,-00279,00054
11:46:47.418 -> Raw:09384,03544,-05688,32767,24894,08769,-00255,-00219,00065
11:46:47.456 -> Raw:08728,-00976,-08608,32767,21359,02684,-00275,-00139,00047
11:46:47.600 -> Raw:10400,-06432,-12560,32767,04133,05036,-00292,-00089,00018
11:46:47.600 -> Raw:08240,-10136,-10376,32767,-06774,-00054,-00276,-00030,-00031
11:46:47.600 -> Raw:03800,-14624,-07752,32767,00939,-03131,-00284,-00008,-00068
11:46:47.600 -> Raw:03976,-18472,-05688,32767,05510,08881,-00280,00012,-00136
11:46:47.600 -> Raw:03624,-24112,-03360,32767,05564,15946,-00278,00026,-00176
11:46:47.637 -> Raw:05232,-23792,-00552,32767,09776,24203,-00246,00026,-00273
11:46:47.675 -> Raw:04232,-24632,05264,32767,06441,30923,-00217,00019,-00303
11:46:47.713 -> Raw:01208,-27248,05408,32767,09456,27690,-00178,-00019,-00380
11:46:47.751 -> Raw:01488,-26432,07360,32767,16701,26196,-00158,-00055,-00411
11:46:47.751 -> Raw:01832,-21496,09424,32767,21956,21825,-00136,-00098,-00437
11:46:47.785 -> Raw:-00976,-19736,12320,26260,24904,23062,-00110,-00130,-00439
11:46:47.824 -> Raw:-05000,-18992,13976,22770,13504,20765,-00074,-00168,-00445
11:46:47.861 -> Raw:-07512,-18456,12664,19410,19482,21578,-00070,-00201,-00439
11:46:47.899 -> Raw:-05328,-17016,08544,11197,24196,26557,-00055,-00230,-00427
11:46:47.937 -> Raw:-07072,-14720,09592,-00256,14695,31609,-00040,-00253,-00406
11:46:47.937 -> Raw:-07912,-11952,08720,-08705,15671,32767,-00049,-00277,-00397
11:46:47.975 -> Raw:-08424,-09520,08472,-14977,18277,31627,-00040,-00278,-00393
11:46:48.009 -> Raw:-10368,-08568,06824,-23637,16009,32767,-00047,-00287,-00397
11:46:48.042 -> Raw:-12088,-08416,08536,-27722,17298,32767,-00049,-00284,-00392
11:46:48.080 -> Raw:-10208,-05608,07688,-27690,11232,32767,-00063,-00299,-00397
11:46:48.118 -> Raw:-06680,-01496,08352,-27379,06981,32767,-00081,-00309,-00404
11:46:48.152 -> Raw:-08896,04472,09904,-32768,12697,32767,-00097,-00301,-00402
11:46:48.152 -> Raw:-08056,03448,10824,-32768,14424,32767,-00111,-00293,-00421
11:46:48.188 -> Raw:-04856,04672,10080,-31907,10101,32767,-00123,-00282,-00434
11:46:48.222 -> Raw:-05816,05280,11552,-32768,12972,32767,-00122,-00268,-00450
11:46:48.256 -> Raw:02160,13136,17544,-25081,03803,32767,-00139,-00247,-00454
11:46:48.289 -> Raw:02752,12072,15896,-24112,04340,32767,-00140,-00239,-00468
11:46:48.329 -> Raw:00560,09248,17040,-21575,11110,28583,-00135,-00229,-00465
11:46:48.366 -> Raw:-03000,05232,18872,-16579,16738,28166,-00136,-00218,-00469
11:46:48.404 -> Raw:-00616,06296,22608,-11429,32767,26550,-00103,-00214,-00468
11:46:48.404 -> Raw:-01024,05376,24488,-07442,32767,27877,-00082,-00217,-00463
11:46:48.439 -> Raw:-01688,06064,26040,-01731,32767,30162,-00018,-00223,-00434
11:46:48.477 -> Raw:-02488,07360,24512,03628,32767,30334,00018,-00247,-00387
11:46:48.517 -> Raw:-04576,07880,22592,09089,32767,31050,00040,-00278,-00341
11:46:48.554 -> Raw:-05256,09672,18448,15519,32767,30580,00060,-00316,-00280
11:46:48.592 -> Raw:-05400,10416,13256,18269,32767,29565,00051,-00342,-00219
11:46:48.592 -> Raw:-03728,11880,11168,20076,32767,27463,00013,-00370,-00149
11:46:48.629 -> Raw:-01728,12664,06848,21174,32767,25239,-00023,-00370,-00094
11:46:48.667 -> Raw:00480,13032,04072,20679,32767,23567,-00053,-00369,-00058
11:46:48.705 -> Raw:02232,13824,02664,23763,32767,20434,-00097,-00358,-00014
11:46:48.743 -> Raw:03952,12120,01984,31201,32767,14402,-00133,-00355,00009
11:46:48.777 -> Raw:02400,13472,01176,32767,29570,09130,-00179,-00317,00033
11:46:48.815 -> Raw:00904,09336,02840,32767,19588,09219,-00206,-00295,00045
11:46:48.815 -> Raw:00608,05432,-00648,32767,10861,14649,-00248,-00241,00055
11:46:48.853 -> Raw:05976,-01664,-01856,32767,14234,14795,-00244,-00164,00064
11:46:49.063 -> Raw:13552,-16888,-14560,32767,30508,-02393,-00288,-00041,-00037
11:46:49.063 -> Raw:15816,-17824,-13328,32767,25431,00696,-00292,-00018,-00078
11:46:49.063 -> Raw:12432,-12552,-10008,32767,-02007,07092,-00303,-00011,-00125
11:46:49.063 -> Raw:12920,-15856,-09776,27494,08105,10540,-00299,00004,-00151
11:46:49.098 -> Raw:07232,-16528,01224,32767,-01798,27801,-00278,00022,-00218
11:46:49.136 -> Raw:05376,-26768,03520,32767,06755,32767,-00232,00011,-00301
11:46:49.136 -> Raw:06608,-25608,04104,32767,10942,32767,-00192,-00015,-00368
11:46:49.171 -> Raw:06064,-21144,08336,32767,20872,32767,-00174,-00045,-00398
11:46:49.209 -> Raw:06824,-21752,07672,32767,18790,32767,-00124,-00099,-00438
11:46:49.247 -> Raw:03992,-19520,08136,24559,16259,21529,-00099,-00139,-00442
11:46:49.285 -> Raw:01016,-15808,12832,16141,10407,18238,-00090,-00165,-00453
11:46:49.324 -> Raw:-01880,-14832,12528,13610,13374,19992,-00074,-00182,-00436
11:46:49.361 -> Raw:-04632,-14088,12984,11600,14573,25763,-00065,-00203,-00442
11:46:49.361 -> Raw:-08264,-16496,13592,06885,15139,32767,-00057,-00230,-00434
11:46:49.400 -> Raw:-05728,-13160,12088,-00908,11535,32767,-00053,-00256,-00416
11:46:49.438 -> Raw:-07232,-11944,10552,-14973,06942,32767,-00056,-00278,-00411
11:46:49.476 -> Raw:-07040,-08384,13072,-18776,05154,32767,-00074,-00283,-00406
11:46:49.514 -> Raw:-07520,-05592,12360,-19985,02883,32767,-00095,-00293,-00406
11:46:49.514 -> Raw:-09416,-04472,12504,-21785,04839,32767,-00098,-00280,-00421
11:46:49.552 -> Raw:-06840,-00808,12864,-20546,05550,32767,-00120,-00289,-00419
11:46:49.590 -> Raw:-10320,02016,13408,-22751,13890,32767,-00127,-00275,-00431
11:46:49.628 -> Raw:-09808,01216,13712,-20333,15341,32767,-00126,-00257,-00417
11:46:49.666 -> Raw:-09888,01776,11912,-19614,12580,32767,-00126,-00264,-00424
11:46:49.704 -> Raw:-12640,01968,11144,-25151,11216,32767,-00127,-00258,-00428
11:46:49.704 -> Raw:-11432,00888,11040,-25890,06581,32767,-00112,-00247,-00434
11:46:49.738 -> Raw:-09144,01016,11400,-26530,08855,32767,-00124,-00231,-00445
11:46:49.776 -> Raw:-08208,02952,12704,-24680,04224,32767,-00126,-00233,-00447
11:46:49.814 -> Raw:-05392,03216,12888,-29208,06474,32767,-00128,-00223,-00449
11:46:49.852 -> Raw:-01240,05688,17792,-25459,11748,32767,-00119,-00217,-00450
11:46:49.890 -> Raw:-02440,07752,19960,-20817,17474,32767,-00110,-00213,-00452
11:46:49.890 -> Raw:-05352,05312,21344,-16844,32767,32767,-00089,-00206,-00457
11:46:49.925 -> Raw:-04880,04256,22192,-12191,32767,32767,-00044,-00208,-00442
11:46:49.963 -> Raw:-03920,04072,23752,-06295,32767,32767,-00003,-00226,-00423
11:46:50.008 -> Raw:-03320,05496,25360,00544,32767,32493,00030,-00248,-00393
11:46:50.036 -> Raw:-02464,07832,24128,08011,32767,28759,00052,-00277,-00337
11:46:50.074 -> Raw:-02512,09496,20296,15437,32767,24954,00068,-00309,-00273
11:46:50.112 -> Raw:-02648,11888,16944,23096,32767,19070,00055,-00336,-00176
11:46:50.112 -> Raw:-04728,12624,11648,26784,32767,16353,00047,-00338,-00134
11:46:50.145 -> Raw:-05408,12728,08304,29412,32767,14998,-00000,-00333,-00054
11:46:50.183 -> Raw:-03424,11112,03080,32767,32767,17357,-00023,-00326,-00024
11:46:50.217 -> Raw:-00048,09072,-02048,32767,32767,18296,-00091,-00291,00027
11:46:50.251 -> Raw:04224,08648,-04840,32767,29145,18286,-00119,-00263,00038
11:46:50.285 -> Raw:06640,04808,-09792,32767,28063,14708,-00162,-00220,00067
11:46:50.324 -> Raw:05760,03608,-10976,32767,22003,13108,-00196,-00181,00077
11:46:50.361 -> Raw:08760,-00360,-13072,32767,18058,12518,-00215,-00127,00057
11:46:50.361 -> Raw:09496,-03808,-14256,22102,29802,06997,-00233,-00110,00037
11:46:50.396 -> Raw:11504,-01544,-11032,26084,19398,09962,-00250,-00091,00016
11:46:50.429 -> Raw:12008,-03856,-12144,26932,15214,08932,-00261,-00062,-00011
11:46:50.463 -> Raw:11600,-07296,-12224,23848,13961,08521,-00275,-00046,-00032
11:46:50.501 -> Raw:12768,-06000,-09296,30405,04444,08024,-00269,-00028,-00045
11:46:50.537 -> Raw:12040,-08464,-09344,32767,-11969,10660,-00267,-00004,-00089
11:46:50.570 -> Raw:10200,-13392,-10592,32767,-23974,20340,-00254,-00002,-00104
11:46:50.604 -> Raw:04224,-17104,-11192,27338,-27809,26758,-00225,00019,-00151
11:46:50.638 -> Raw:03216,-17552,-09520,32767,-28547,32273,-00192,00028,-00167
11:46:50.638 -> Raw:00192,-19880,-07944,32767,-24797,32767,-00166,00028,-00224
11:46:50.676 -> Raw:-02152,-22584,-08064,29596,-09324,32767,-00131,00014,-00270
11:46:50.714 -> Raw:-01800,-19640,-02592,23453,-05040,32767,-00094,-00014,-00305
11:46:50.752 -> Raw:-03520,-16864,00544,27475,-08463,32767,-00060,-00051,-00345
11:46:50.786 -> Raw:-06896,-16840,00536,25180,-08446,32767,-00036,-00080,-00352
11:46:50.819 -> Raw:-09848,-15824,01096,17016,-05746,32767,-00035,-00111,-00378
11:46:50.857 -> Raw:-10824,-14296,03168,13099,-07445,32080,-00018,-00144,-00390
11:46:50.857 -> Raw:-11680,-12632,02768,10817,-11940,32767,-00024,-00182,-00393
11:46:50.895 -> Raw:-12216,-11576,03912,04489,-09190,32246,-00036,-00198,-00397
11:46:50.931 -> Raw:-12640,-08760,04464,00464,-08747,32767,-00043,-00212,-00403
11:46:50.969 -> Raw:-12848,-07104,05352,-06364,-09876,32631,-00056,-00234,-00413
11:46:51.007 -> Raw:-14440,-05424,07344,-11266,-09471,32767,-00070,-00247,-00412
11:46:51.043 -> Raw:-13072,-02616,08640,-12470,-06925,32767,-00094,-00247,-00422
11:46:51.081 -> Raw:-11616,-00144,09520,-16925,-01734,32767,-00107,-00257,-00422
11:46:51.081 -> Raw:-11376,02616,11520,-17236,03228,32550,-00116,-00253,-00426
11:46:51.117 -> Raw:-11432,03104,11824,-19289,06081,32767,-00129,-00251,-00436
11:46:51.155 -> Raw:-10648,02776,10840,-19136,05007,32767,-00120,-00247,-00442
11:46:51.190 -> Raw:-10344,02624,11464,-20959,04434,32767,-00126,-00237,-00439
11:46:51.228 -> Raw:-08720,04712,11480,-17041,01576,32767,-00129,-00236,-00440
11:46:51.266 -> Raw:-06344,05880,10736,-23140,03964,32767,-00131,-00233,-00442
11:46:51.266 -> Raw:-05296,05560,12280,-26007,06911,32767,-00133,-00218,-00444
11:46:51.304 -> Raw:-02888,07544,15560,-26154,05835,32767,-00136,-00206,-00452
11:46:51.342 -> Raw:-03328,08352,18336,-25253,05816,32767,-00126,-00193,-00464
11:46:51.380 -> Raw:-04664,06728,20832,-18682,10164,31847,-00120,-00188,-00469
11:46:51.418 -> Raw:-07168,05592,21768,-12096,22308,31374,-00094,-00183,-00462
11:46:51.456 -> Raw:-07320,04232,23664,-05941,32767,31660,-00065,-00181,-00457
11:46:51.456 -> Raw:-06776,04704,25408,01865,32767,32767,-00017,-00202,-00433
11:46:51.494 -> Raw:-04752,04896,24032,09452,32767,32767,00007,-00235,-00404
11:46:51.533 -> Raw:-03160,06120,21736,15397,32767,32767,00035,-00275,-00341
11:46:51.567 -> Raw:-01928,08272,17848,19993,32767,30550,00049,-00296,-00290
11:46:51.604 -> Raw:-01632,10576,12128,24979,32767,24247,00049,-00328,-00226
11:46:51.642 -> Raw:-03112,10808,07720,23384,32767,20495,00036,-00355,-00159
11:46:51.642 -> Raw:-03136,11568,04256,24298,32767,18476,00003,-00349,-00093
11:46:51.675 -> Raw:-02456,11160,02160,22165,32767,22370,-00011,-00352,-00080
11:46:51.710 -> Raw:02584,12008,01024,24761,32767,21313,-00060,-00343,-00012
11:46:51.748 -> Raw:04256,12200,-02976,25894,32767,19588,-00127,-00322,00021
11:46:51.786 -> Raw:05232,09968,-05936,25596,28197,18498,-00171,-00302,00043
11:46:51.824 -> Raw:08656,08312,-07280,29810,17952,19106,-00206,-00273,00058
11:46:51.857 -> Raw:11672,09560,-07624,32767,04944,14078,-00217,-00237,00067
11:46:51.857 -> Raw:08816,04000,-11744,32767,02890,10266,-00219,-00195,00065
11:46:51.895 -> Raw:07600,02968,-08424,32767,-01290,09990,-00228,-00159,00057
11:46:51.930 -> Raw:08280,01584,-11288,32767,-09592,06076,-00228,-00115,00037
11:46:51.968 -> Raw:06480,-07968,-14896,32767,-03282,08886,-00221,-00072,00013
11:46:52.002 -> Raw:04024,-10544,-16112,32767,-19811,20664,-00200,-00047,-00008
11:46:52.037 -> Raw:00872,-12704,-18328,24930,-22430,29749,-00165,-00022,-00044
11:46:52.075 -> Raw:01288,-12584,-15080,19543,-12140,28194,-00124,-00018,-00078
11:46:52.075 -> Raw:00104,-12208,-13080,27074,-22913,32767,-00103,-00018,-00093
11:46:52.113 -> Raw:-03536,-15688,-14160,17133,-15787,32767,-00072,-00020,-00137
11:46:52.151 -> Raw:-04240,-13568,-10528,16930,-13706,32112,-00032,-00028,-00145
11:46:52.188 -> Raw:-06768,-13496,-09184,22242,-16701,30965,-00010,-00036,-00178
11:46:52.227 -> Raw:-09000,-13680,-08208,23311,-17240,31530,00007,-00071,-00203
11:46:52.265 -> Raw:-10496,-13848,-07648,14794,-12445,28290,00013,-00098,-00233
11:46:52.265 -> Raw:-14472,-14096,-04104,15433,-13675,28354,00032,-00114,-00247
11:46:52.303 -> Raw:-17712,-14512,-06352,10128,-14953,32767,00047,-00142,-00278
11:46:52.336 -> Raw:-15848,-13704,-04568,00761,-08390,32767,00038,-00175,-00286
11:46:52.375 -> Raw:-15304,-09408,-02544,-03948,-08464,31293,00036,-00218,-00303
11:46:52.413 -> Raw:-14640,-06968,-02480,-07974,-08857,30249,00035,-00231,-00311
11:46:52.451 -> Raw:-13704,-05536,-02832,-09883,-08014,27715,00022,-00253,-00324
11:46:52.489 -> Raw:-13688,-04064,-03696,-13743,-03268,25667,00023,-00264,-00325
11:46:52.489 -> Raw:-14048,-01648,-01024,-16781,-06398,28330,-00003,-00290,-00344
11:46:52.523 -> Raw:-13688,01144,-00560,-19348,-07425,28911,-00017,-00288,-00346
11:46:52.561 -> Raw:-13448,02016,00480,-24367,-04209,26307,-00023,-00294,-00360
11:46:52.599 -> Raw:-13784,04184,04824,-24695,-03021,28706,-00047,-00289,-00387
11:46:52.637 -> Raw:-12448,05032,05424,-24793,-00943,30565,-00065,-00291,-00395
11:46:52.671 -> Raw:-11240,06200,06144,-28594,00967,30668,-00081,-00296,-00395
11:46:52.671 -> Raw:-10576,07304,10456,-30923,01246,32767,-00093,-00290,-00408
11:46:52.705 -> Raw:-08296,08280,11136,-29352,05987,32767,-00107,-00277,-00422
11:46:52.743 -> Raw:-05696,09192,13640,-28592,09483,32767,-00119,-00266,-00445
11:46:52.781 -> Raw:-04304,11192,15568,-25128,11948,30334,-00103,-00258,-00448
11:46:52.819 -> Raw:-02448,09496,19728,-19576,18537,29088,-00098,-00251,-00450
11:46:52.857 -> Raw:-03632,07968,22152,-08899,31891,26108,-00103,-00246,-00458
11:46:52.895 -> Raw:-01328,13472,25576,-03957,32767,20062,-00056,-00246,-00443
11:46:52.895 -> Raw:-00736,11976,24056,10044,32767,13870,-00034,-00257,-00427
11:46:52.929 -> Raw:-02640,13176,19232,12151,32767,09316,00011,-00280,-00358
11:46:52.967 -> Raw:-05656,14728,16480,12419,32767,06894,00042,-00289,-00315
11:46:53.005 -> Raw:-06064,14512,12472,16171,32767,08366,00057,-00306,-00245
11:46:53.038 -> Raw:-06064,13024,07040,14639,32767,11448,00045,-00317,-00145
11:46:53.077 -> Raw:-04976,13512,04112,13097,32767,14608,00017,-00312,-00078
11:46:53.077 -> Raw:-02072,13384,02424,16705,32767,17636,-00019,-00300,-00023
11:46:53.115 -> Raw:02160,11672,-00520,20357,32767,19674,-00065,-00296,00007
11:46:53.148 -> Raw:05968,10488,-04360,21261,32767,17639,-00093,-00298,00033
11:46:53.187 -> Raw:06592,08552,-04832,22976,32767,16686,-00154,-00284,00052
11:46:53.225 -> Raw:09848,07536,-05560,32561,30477,13646,-00186,-00264,00062
11:46:53.263 -> Raw:11776,04528,-08688,32767,19980,11295,-00216,-00224,00058
11:46:53.297 -> Raw:10336,02256,-08072,32767,12334,11412,-00248,-00190,00060
11:46:53.297 -> Raw:10544,00120,-10720,32767,02801,12794,-00254,-00120,00037
11:46:53.331 -> Raw:11296,-05224,-09624,32767,04033,04718,-00255,-00079,00021
11:46:53.438 -> Raw:08872,-05800,-11560,32767,-07622,05582,-00246,-00022,-00042
11:46:53.438 -> Raw:07360,-10672,-12384,32767,-20420,14558,-00232,00003,-00085
11:46:53.438 -> Raw:03600,-15496,-10616,32767,-15710,29871,-00210,00031,-00149
11:46:53.475 -> Raw:00344,-20896,-07720,32767,-12770,32767,-00181,00029,-00188
11:46:53.509 -> Raw:00080,-20768,-03304,32767,-12945,32767,-00128,00031,-00245
11:46:53.542 -> Raw:-03496,-22416,01984,32767,-03436,32767,-00093,00001,-00294
11:46:53.576 -> Raw:-06608,-25408,06784,32767,12431,32767,-00038,-00065,-00356
11:46:53.576 -> Raw:-14720,-19464,03080,32767,27035,32767,-00022,-00096,-00371
11:46:53.610 -> Raw:-11184,-17784,05840,13558,03250,32767,00018,-00174,-00362
11:46:53.643 -> Raw:-10608,-16456,06400,03114,05638,32767,00015,-00201,-00355
11:46:53.681 -> Raw:-17096,-14216,06224,-05703,03755,32629,00014,-00244,-00358
11:46:53.715 -> Raw:-12752,-11432,04992,-10562,14150,32041,00006,-00266,-00354
11:46:53.749 -> Raw:-13336,-07864,05184,-17103,19360,29083,00002,-00279,-00342
11:46:53.783 -> Raw:-15672,-05872,03784,-21774,17781,24842,00005,-00294,-00332
11:46:53.821 -> Raw:-16392,-03664,04080,-21681,12639,29959,-00002,-00301,-00330
11:46:53.859 -> Raw:-15184,00312,04344,-18116,11944,32767,-00009,-00315,-00329
11:46:53.859 -> Raw:-14016,02696,04240,-20514,15103,32767,-00024,-00334,-00341
11:46:53.897 -> Raw:-11384,04856,03400,-23005,16140,31258,-00039,-00340,-00335
11:46:53.931 -> Raw:-12720,08224,04760,-24751,18993,28899,-00045,-00354,-00339
11:46:53.969 -> Raw:-10608,09760,03680,-26332,22619,29445,-00065,-00355,-00355
11:46:54.007 -> Raw:-07256,08912,04408,-30717,24622,24360,-00064,-00352,-00356
11:46:54.040 -> Raw:-06384,11888,05568,-25493,22600,20133,-00076,-00348,-00372
11:46:54.078 -> Raw:-03640,12904,05176,-24918,16663,20928,-00066,-00349,-00373
11:46:54.078 -> Raw:-02640,14296,06528,-30141,21264,15010,-00068,-00345,-00385
11:46:54.116 -> Raw:-03656,15312,09872,-32768,25761,12660,-00049,-00326,-00404
11:46:54.154 -> Raw:-03824,16512,12440,-32768,27516,12862,-00044,-00316,-00399
11:46:54.187 -> Raw:-04536,16720,17520,-32768,32767,10463,-00021,-00304,-00404
11:46:54.221 -> Raw:-05104,15800,20560,-19811,32767,08757,-00000,-00277,-00395
11:46:54.255 -> Raw:-05696,14680,19400,-09204,32767,10708,00036,-00291,-00357
11:46:54.293 -> Raw:-06080,13416,17104,-01113,32767,10836,00042,-00284,-00325
11:46:54.331 -> Raw:-06456,14064,14688,09151,32767,11662,00070,-00299,-00250
11:46:54.331 -> Raw:-04920,13816,10704,15429,32767,11650,00073,-00311,-00203
11:46:54.369 -> Raw:-04024,14400,06328,19635,32767,12576,00047,-00321,-00129
11:46:54.407 -> Raw:-02680,12688,03808,22504,32767,13264,00005,-00314,-00059
11:46:54.445 -> Raw:00088,12112,-00136,27296,32767,13358,-00019,-00310,-00008
11:46:54.483 -> Raw:02656,09144,-04296,27318,32767,15226,-00073,-00296,00029
11:46:54.483 -> Raw:05384,08840,-07112,32369,32767,14671,-00116,-00275,00043
11:46:54.517 -> Raw:07144,07168,-08160,32767,29173,12905,-00160,-00237,00064
11:46:54.551 -> Raw:07256,03736,-10032,32767,16088,09927,-00178,-00196,00062
11:46:54.589 -> Raw:07968,01272,-12864,32767,06287,05334,-00198,-00148,00055
11:46:54.662 -> Raw:06616,-03528,-14504,32767,04796,00075,-00206,-00087,00028
11:46:54.805 -> Raw:07376,-04880,-14208,32767,-06479,03499,-00215,-00058,-00002
11:46:54.805 -> Raw:05608,-07824,-14720,32767,-22746,09854,-00206,-00028,-00026
11:46:54.805 -> Raw:02864,-15312,-15048,28969,-15080,11890,-00189,-00000,-00067
11:46:54.805 -> Raw:00856,-14816,-14584,32767,-25561,21307,-00170,00004,-00099
11:46:54.805 -> Raw:00408,-12024,-11888,32767,-32768,32767,-00127,00030,-00145
11:46:54.843 -> Raw:-05680,-18440,-07360,32767,-20980,32767,-00081,00022,-00240
11:46:54.843 -> Raw:-09040,-20896,-08432,32767,-05996,32767,-00052,00002,-00285
11:46:54.878 -> Raw:-09768,-17288,-06856,30393,-03038,32767,-00019,-00055,-00324
11:46:54.911 -> Raw:-10736,-19360,-04736,11699,-07098,32767,00006,-00082,-00344
11:46:54.945 -> Raw:-12512,-18568,-02664,05066,-03604,32767,00023,-00103,-00342
11:46:54.983 -> Raw:-12376,-15952,-01568,03337,-06412,32416,-00000,-00144,-00345
11:46:55.017 -> Raw:-12336,-14344,-03488,-04045,-00824,31106,00024,-00175,-00368
11:46:55.051 -> Raw:-12888,-12480,-01928,-12436,-04654,29486,00021,-00181,-00362
11:46:55.088 -> Raw:-14120,-09488,-00880,-16721,-04321,32767,00017,-00207,-00368
11:46:55.126 -> Raw:-11400,-08304,-02120,-24356,-06021,32767,00011,-00214,-00376
11:46:55.126 -> Raw:-12248,-02200,02248,-30995,-03236,29839,00003,-00226,-00386
11:46:55.164 -> Raw:-11472,01752,04112,-32768,05080,29012,00009,-00231,-00391
11:46:55.197 -> Raw:-11440,02528,04232,-32768,08096,26107,00006,-00229,-00396
11:46:55.231 -> Raw:-12840,02600,04616,-32768,06873,25134,-00007,-00215,-00395
11:46:55.269 -> Raw:-11600,04616,06360,-32768,04422,28872,-00000,-00215,-00402
11:46:55.307 -> Raw:-13504,06888,06976,-32768,-02106,29140,00007,-00210,-00397
11:46:55.345 -> Raw:-09848,04704,12216,-32768,-04517,27385,00005,-00198,-00399
11:46:55.345 -> Raw:-10144,07200,13752,-32768,01911,21733,00002,-00181,-00402
11:46:55.383 -> Raw:-12056,05936,14408,-32037,06593,21410,00006,-00192,-00401
11:46:55.421 -> Raw:-10920,05480,15488,-22551,08914,18387,00018,-00171,-00395
11:46:55.455 -> Raw:-10832,04944,15184,-17589,10594,16501,00027,-00182,-00386
11:46:55.493 -> Raw:-09200,05216,17032,-10829,16751,16763,00032,-00177,-00368
11:46:55.531 -> Raw:-08864,05800,16544,-07340,16027,19272,00042,-00188,-00355
11:46:55.531 -> Raw:-08856,06432,17032,-05573,18886,20726,00053,-00214,-00336
11:46:55.567 -> Raw:-10992,07064,18584,-04134,28639,23557,00064,-00244,-00306
11:46:55.601 -> Raw:-11616,07416,18768,-00098,32767,29640,00070,-00257,-00285
11:46:55.639 -> Raw:-08800,07920,16720,05818,32767,32767,00077,-00283,-00239
11:46:55.675 -> Raw:-06576,10040,14016,11199,32767,30983,00057,-00318,-00201
11:46:55.712 -> Raw:-05680,11768,11328,16911,32767,26499,00042,-00343,-00139
11:46:55.750 -> Raw:-04224,11592,08048,24278,32767,23582,00009,-00352,-00100
11:46:55.750 -> Raw:-02312,11952,03936,26679,32767,22348,-00026,-00343,-00057
11:46:55.787 -> Raw:-00368,10056,01224,31580,32767,21177,-00048,-00347,-00026
11:46:55.825 -> Raw:02960,10880,-02456,32767,28064,21189,-00103,-00322,00023
11:46:55.863 -> Raw:06728,08840,-07904,31811,25652,17474,-00131,-00299,00039
11:46:55.901 -> Raw:08072,07312,-11136,25446,25687,10230,-00177,-00256,00048
11:46:55.935 -> Raw:08016,06992,-09632,23918,18267,11681,-00208,-00231,00063
11:46:55.935 -> Raw:08824,08064,-10080,32767,04332,12964,-00216,-00202,00065
11:46:55.968 -> Raw:09136,03216,-12672,32767,02540,08848,-00237,-00155,00060
11:46:56.006 -> Raw:08464,00232,-11664,32767,-04736,05095,-00236,-00125,00047
11:46:56.044 -> Raw:05856,-02632,-13552,32767,-18872,06029,-00213,-00089,00028
11:46:56.078 -> Raw:02736,-10424,-19352,32767,-20305,10735,-00196,-00051,00002
11:46:56.116 -> Raw:02240,-12792,-16744,32767,-26118,13670,-00174,-00013,-00036
11:46:56.154 -> Raw:-00600,-16600,-20160,17362,-31663,21698,-00152,-00007,-00069
11:46:56.154 -> Raw:00040,-12312,-15960,32767,-32459,30560,-00108,00006,-00115
11:46:56.192 -> Raw:-03368,-14448,-16608,32767,-26523,32767,-00078,00009,-00144
11:46:56.226 -> Raw:-05704,-18336,-13888,32767,-18888,32767,-00032,-00011,-00219
11:46:56.259 -> Raw:-07512,-16208,-08800,32767,-12888,32767,-00017,-00030,-00254
11:46:56.297 -> Raw:-09864,-14048,-08472,29263,-16816,32767,00006,-00077,-00286
11:46:56.336 -> Raw:-12984,-15464,-08288,09660,-09469,32767,00026,-00090,-00327
11:46:56.374 -> Raw:-12576,-15376,-06704,-00751,-11435,32767,00030,-00133,-00324
11:46:56.374 -> Raw:-12992,-11352,-06064,-07067,-13438,32659,00030,-00168,-00336
11:46:56.412 -> Raw:-12680,-08888,-05264,-18430,-11980,29096,00024,-00177,-00354
11:46:56.445 -> Raw:-12240,-06736,-03024,-23520,-07813,26051,00023,-00191,-00365
11:46:56.483 -> Raw:-13664,-06496,-01112,-26568,-08873,26464,00021,-00206,-00375
11:46:56.518 -> Raw:-14488,-01768,00728,-29324,-07503,26904,00018,-00206,-00380
11:46:56.552 -> Raw:-14632,-00232,01968,-29527,-00316,28373,00015,-00206,-00385
11:46:56.590 -> Raw:-16480,-01824,01088,-32768,00113,31398,-00005,-00208,-00392
11:46:56.628 -> Raw:-13328,-04280,04944,-32768,-01321,32767,00006,-00204,-00391
11:46:56.628 -> Raw:-11984,03592,06152,-32595,-06673,27728,-00000,-00203,-00399
11:46:56.666 -> Raw:-10888,06400,07280,-32768,-09339,28277,-00001,-00209,-00406
11:46:56.704 -> Raw:-08800,06656,10584,-32768,-02604,27103,-00011,-00202,-00416
11:46:56.742 -> Raw:-09520,06000,11488,-32768,-00540,27058,-00000,-00196,-00422
11:46:56.776 -> Raw:-08776,04752,12432,-32768,-00094,27442,-00006,-00187,-00411
11:46:56.814 -> Raw:-10952,02496,14352,-32768,03463,30751,-00000,-00188,-00409
11:46:56.814 -> Raw:-09536,-00248,18928,-30597,09701,31837,00002,-00179,-00414
11:46:56.848 -> Raw:-09888,00248,20856,-18690,13906,31560,00028,-00193,-00399
11:46:56.886 -> Raw:-09720,-01896,21272,-12608,18775,32767,00023,-00188,-00397
11:46:56.919 -> Raw:-08504,-01576,23568,-06401,31150,32767,00036,-00225,-00372
11:46:56.953 -> Raw:-07760,-00696,23936,-00920,32767,32767,00059,-00246,-00346
11:46:56.991 -> Raw:-04560,01288,25608,03871,32767,32767,00065,-00316,-00298
11:46:57.024 -> Raw:-02600,04904,23144,11803,32450,32767,00045,-00337,-00262
11:46:57.061 -> Raw:-03088,07696,18136,19794,31132,30063,00026,-00372,-00208
11:46:57.061 -> Raw:-04120,09264,13312,23915,26419,25353,-00009,-00391,-00160
11:46:57.099 -> Raw:-04240,10264,11040,32767,21153,22119,-00030,-00391,-00135
11:46:57.132 -> Raw:-02088,11872,06072,32767,16107,17864,-00052,-00402,-00086
11:46:57.170 -> Raw:-02256,11472,-01880,32767,07118,14391,-00078,-00358,-00004
11:46:57.203 -> Raw:-01408,07360,-02496,32767,06364,11095,-00094,-00331,00017
11:46:57.241 -> Raw:-00920,10128,-06792,32767,01971,00716,-00108,-00253,00060
11:46:57.275 -> Raw:-01480,06344,-16048,32767,-07233,-03228,-00107,-00196,00052
11:46:57.313 -> Raw:-05112,-00784,-15512,32767,09084,01113,-00108,-00114,00033
11:46:57.313 -> Raw:-00376,-02184,-10784,32767,10335,-03154,-00110,-00083,00019
11:46:57.351 -> Raw:00824,-04984,-14280,32767,04897,02386,-00127,-00015,-00031
11:46:57.389 -> Raw:01256,-12720,-07064,32767,08333,-01527,-00140,00008,-00083
11:46:57.423 -> Raw:01688,-15528,-05744,32767,07651,04245,-00139,00026,-00136
11:46:57.461 -> Raw:04272,-16312,-05376,32767,02688,08928,-00139,00026,-00178
11:46:57.494 -> Raw:02840,-18592,-03336,32767,04437,08057,-00132,00020,-00224
11:46:57.532 -> Raw:01640,-19928,-01000,32767,06771,11842,-00127,00015,-00279
11:46:57.532 -> Raw:-04248,-24888,00608,32767,12358,24285,-00098,00003,-00306
11:46:57.566 -> Raw:-05896,-24304,05184,32767,22212,32767,-00085,-00018,-00339
11:46:57.604 -> Raw:-06616,-23360,08520,32767,24582,32767,-00032,-00067,-00356
11:46:57.642 -> Raw:-06864,-24256,07080,24139,28795,32767,-00010,-00100,-00367
11:46:57.680 -> Raw:-08984,-20896,06504,12401,22180,32767,00028,-00159,-00340
11:46:57.718 -> Raw:-10920,-18416,04504,-04009,16920,30984,00040,-00199,-00324
11:46:57.718 -> Raw:-10976,-16208,05800,-12277,05815,18519,00051,-00219,-00321
11:46:57.756 -> Raw:-12696,-13584,03872,-15205,11576,21284,00051,-00234,-00316
11:46:57.790 -> Raw:-12104,-11264,03032,-19010,10146,21847,00052,-00240,-00298
11:46:57.828 -> Raw:-13064,-08592,01576,-23860,10229,27818,00038,-00268,-00304
11:46:57.866 -> Raw:-13616,-06328,00400,-30851,11720,28805,00035,-00288,-00294
11:46:57.904 -> Raw:-12000,-04544,01168,-32768,12084,32767,00032,-00295,-00296
11:46:57.904 -> Raw:-11872,-00744,-00008,-32768,13901,30573,00013,-00311,-00293
11:46:57.938 -> Raw:-12448,01640,-00672,-32768,11871,28405,00009,-00315,-00294
11:46:57.976 -> Raw:-10992,02552,-00136,-32768,08173,28526,-00001,-00322,-00314
11:46:58.014 -> Raw:-13256,04664,01864,-32768,07210,28806,-00010,-00328,-00330
11:46:58.052 -> Raw:-11072,07576,04400,-32768,17610,30849,-00030,-00320,-00351
11:46:58.090 -> Raw:-06752,10048,06920,-32768,10230,32558,-00030,-00315,-00376
11:46:58.128 -> Raw:-06880,11544,06336,-32768,09803,32767,-00040,-00310,-00401
11:46:58.128 -> Raw:-05936,10432,11256,-32768,13694,32767,-00052,-00284,-00422
11:46:58.166 -> Raw:-05808,06824,15096,-32768,21044,28142,-00048,-00261,-00443
11:46:58.204 -> Raw:-05064,08264,19016,-32768,21227,24132,-00040,-00236,-00443
11:46:58.242 -> Raw:-06040,05616,19896,-32768,27698,25243,-00028,-00225,-00437
11:46:58.279 -> Raw:-06160,05640,22904,-20104,30612,26562,-00006,-00229,-00426
11:46:58.279 -> Raw:-07096,03736,23696,-11271,32767,28926,00026,-00230,-00402
11:46:58.317 -> Raw:-07592,04768,23704,-03795,32767,32128,00031,-00252,-00382
11:46:58.355 -> Raw:-09384,04272,23072,04825,32767,32767,00059,-00283,-00331
11:46:58.393 -> Raw:-08696,06088,22232,13902,32767,32767,00061,-00302,-00299
11:46:58.427 -> Raw:-07312,07304,18384,20943,32767,32767,00040,-00349,-00227
11:46:58.465 -> Raw:-05112,08752,13680,23895,32767,32767,00001,-00381,-00180
11:46:58.465 -> Raw:-03440,09864,08840,22954,30328,32767,-00013,-00392,-00136
11:46:58.503 -> Raw:-02736,10208,06472,23738,29260,32767,-00078,-00399,-00072
11:46:58.537 -> Raw:01944,09232,04296,24767,26628,32767,-00115,-00394,-00044
11:46:58.571 -> Raw:05144,10544,02056,27624,25778,32534,-00174,-00379,-00021
11:46:58.609 -> Raw:07088,09512,-01024,29335,14358,28983,-00216,-00352,00008
11:46:58.647 -> Raw:06440,10336,-03344,31745,03916,25821,-00225,-00338,00014
11:46:58.685 -> Raw:07112,07512,-04064,30048,-02274,23018,-00252,-00291,00034
11:46:58.719 -> Raw:08280,06328,-05576,32767,-09577,21262,-00253,-00268,00050
11:46:58.719 -> Raw:08768,02856,-11408,32616,-12957,18055,-00254,-00215,00049
11:46:58.757 -> Raw:10776,00848,-11080,32767,-12500,15160,-00241,-00169,00057
11:46:58.795 -> Raw:10560,-01008,-15344,32767,-24778,08662,-00228,-00134,00059
11:46:58.833 -> Raw:05760,-07584,-17024,32767,-23791,12403,-00196,-00080,00019
11:46:58.868 -> Raw:06168,-10136,-18360,32767,-30543,15048,-00156,-00045,-00011
11:46:58.906 -> Raw:03584,-11248,-16808,32120,-32768,23534,-00123,-00036,-00044
11:46:58.906 -> Raw:01392,-12576,-12664,23014,-32768,32503,-00080,-00018,-00080
11:46:58.941 -> Raw:-05664,-15496,-18048,26777,-32768,31016,-00049,-00017,-00104
11:46:58.979 -> Raw:-07296,-17832,-15976,27943,-21730,32767,-00013,-00036,-00178
11:46:59.012 -> Raw:-08000,-15320,-12960,21882,-22254,32767,00015,-00058,-00191
11:46:59.050 -> Raw:-10856,-15056,-11176,12348,-21230,32767,00039,-00090,-00248
11:46:59.083 -> Raw:-13648,-14728,-08856,06362,-17928,32767,00039,-00120,-00260
11:46:59.122 -> Raw:-07832,-05384,-03448,-04945,-17154,32767,00048,-00160,-00286
11:46:59.160 -> Raw:-15808,-09016,-07528,-08830,-12762,32767,00051,-00204,-00309
11:46:59.160 -> Raw:-13616,-06528,-06792,-16669,-12365,32767,00044,-00233,-00325
11:46:59.193 -> Raw:-12720,-02448,-04280,-24167,-09792,29979,00035,-00246,-00329
11:46:59.227 -> Raw:-13328,-00400,-04008,-31238,-03618,29704,00018,-00255,-00352
11:46:59.265 -> Raw:-12800,00608,-01328,-32768,-06069,29953,00009,-00266,-00361
11:46:59.299 -> Raw:-11928,03608,-00096,-32768,-06035,28520,00001,-00273,-00381
11:46:59.337 -> Raw:-10848,01928,03528,-32768,-03455,28219,-00010,-00267,-00390
11:46:59.375 -> Raw:-10952,02992,05424,-32768,-02874,26362,-00034,-00245,-00414
11:46:59.375 -> Raw:-09920,03160,08272,-32768,-01366,25739,-00028,-00237,-00424
11:46:59.409 -> Raw:-07960,06992,10392,-32768,01008,23848,-00038,-00226,-00431
11:46:59.447 -> Raw:-08608,07568,11736,-30080,-00678,22480,-00039,-00206,-00438
11:46:59.485 -> Raw:-08040,06416,13048,-28536,-02282,21275,-00036,-00208,-00432
11:46:59.519 -> Raw:-06784,04952,16160,-26592,-00038,20961,-00042,-00188,-00444
11:46:59.557 -> Raw:-07280,05096,18160,-22433,01920,20616,-00039,-00196,-00444
11:46:59.594 -> Raw:-07016,03392,19504,-16911,08006,24234,-00027,-00187,-00443
11:46:59.594 -> Raw:-04968,03016,22096,-13460,12431,24721,-00024,-00187,-00438
11:46:59.632 -> Raw:-06056,02400,24920,-06987,13974,25226,00005,-00191,-00434
11:46:59.670 -> Raw:-06240,02824,26144,-00361,20360,26575,00003,-00202,-00423
11:46:59.708 -> Raw:-06192,03880,24632,07838,26897,29928,00021,-00225,-00399
11:46:59.742 -> Raw:-06008,04304,21240,13552,32767,32767,00043,-00266,-00371
11:46:59.776 -> Raw:-04248,03776,19872,28185,32767,26184,00038,-00285,-00346
11:46:59.814 -> Raw:-04144,08976,14768,14622,32767,32511,00047,-00326,-00283
11:46:59.814 -> Raw:-01864,08776,13352,20271,31182,30605,00035,-00359,-00209
11:46:59.852 -> Raw:-01144,10064,08864,18984,30620,27338,-00001,-00388,-00155
11:46:59.886 -> Raw:-01320,10480,07856,20388,26367,25600,-00035,-00396,-00130
11:46:59.924 -> Raw:-01184,09584,06024,25914,24365,24121,-00055,-00394,-00094
11:46:59.962 -> Raw:-00992,09592,02160,25069,26202,25793,-00085,-00383,-00063
11:47:00.001 -> Raw:03392,09656,01584,22612,21670,26800,-00128,-00375,-00014
11:47:00.001 -> Raw:04160,08864,00352,24618,23691,28367,-00154,-00363,-00009
11:47:00.038 -> Raw:07088,06672,-03408,21596,20867,32434,-00210,-00336,00027
11:47:00.072 -> Raw:09544,05112,-06152,15163,19024,32767,-00232,-00327,00016
11:47:00.105 -> Raw:12568,04752,-07080,12844,12878,32415,-00267,-00289,00024
11:47:00.143 -> Raw:14392,03344,-08640,10642,07812,29909,-00299,-00262,00029
11:47:00.182 -> Raw:15328,02360,-09448,10412,-02159,26248,-00297,-00246,00016
11:47:00.216 -> Raw:14744,01720,-08800,10350,-06866,23414,-00311,-00214,00028
11:47:00.254 -> Raw:16128,01064,-09128,15644,-18828,19858,-00307,-00198,00032
11:47:00.254 -> Raw:15904,00704,-13872,17216,-30791,13011,-00292,-00180,00040
11:47:00.292 -> Raw:14280,-02664,-20736,04150,-31365,09286,-00252,-00161,00052
11:47:00.326 -> Raw:14640,-00144,-16416,-02803,-32768,06493,-00224,-00163,00050
11:47:00.364 -> Raw:12016,02144,-21112,-00545,-32768,00587,-00175,-00159,00052
11:47:00.399 -> Raw:10352,-01728,-24152,01874,-32768,-00561,-00140,-00163,00045
11:47:00.437 -> Raw:07504,-00808,-21912,02011,-32768,-04133,-00082,-00165,00021
11:47:00.437 -> Raw:03448,-00680,-21472,10301,-32768,-05524,-00007,-00152,-00017
11:47:00.470 -> Raw:-03808,-07232,-18280,08471,-32768,03340,00011,-00145,-00063
11:47:00.508 -> Raw:-08520,-06904,-18320,08586,-32768,12961,00047,-00134,-00136
11:47:00.546 -> Raw:-06400,-02672,-14160,00886,-32768,14953,00065,-00149,-00191
11:47:00.581 -> Raw:-09640,-03504,-11888,-03245,-22888,12564,00060,-00166,-00233
11:47:00.618 -> Raw:-10520,-01800,-10224,-06471,-25376,13006,00077,-00182,-00249
11:47:00.656 -> Raw:-11648,-01128,-08744,-14216,-28252,14735,00053,-00199,-00264
11:47:00.656 -> Raw:-11168,-00256,-05928,-16157,-26345,14903,00051,-00199,-00301
11:47:00.694 -> Raw:-11720,01960,-04392,-18676,-18188,11138,00036,-00208,-00335
11:47:00.734 -> Raw:-13640,00744,-02512,-19998,-13399,10561,00032,-00209,-00351
11:47:00.772 -> Raw:-13264,00368,-01464,-21349,-22019,11787,00028,-00210,-00362
11:47:00.811 -> Raw:-12496,01976,00472,-24915,-26566,14574,00010,-00196,-00380
11:47:00.843 -> Raw:-13768,01480,03576,-31149,-23462,18959,-00005,-00196,-00404
11:47:00.843 -> Raw:-11512,00240,07832,-31459,-20361,20359,-00031,-00198,-00434
11:47:00.881 -> Raw:-11120,02976,11168,-31331,-11472,18665,-00035,-00182,-00438
11:47:00.919 -> Raw:-10664,02288,12456,-31260,-03279,22782,-00045,-00170,-00448
11:47:00.955 -> Raw:-10376,00488,15272,-29533,-03993,22817,-00052,-00159,-00434
11:47:00.992 -> Raw:-09208,02392,15896,-24628,-08899,20434,-00048,-00138,-00443
11:47:01.030 -> Raw:-10208,00136,16176,-27571,-01501,24834,-00056,-00128,-00438
11:47:01.030 -> Raw:-09304,01288,19352,-20127,07538,29747,-00031,-00130,-00432
11:47:01.067 -> Raw:-07752,00304,20440,-14550,16046,31848,-00030,-00141,-00421
11:47:01.100 -> Raw:-05424,-00728,20392,-12473,19606,32767,-00002,-00152,-00417
11:47:01.134 -> Raw:-05984,-00248,22920,-08636,22787,31911,00022,-00168,-00388
11:47:01.173 -> Raw:-08112,00296,23024,-02892,28223,32767,00047,-00191,-00372
11:47:01.210 -> Raw:-09056,01552,22768,03491,28937,32767,00061,-00224,-00339
11:47:01.248 -> Raw:-08488,03016,19440,08073,32767,32767,00077,-00268,-00306
11:47:01.285 -> Raw:-07728,05096,17144,13401,32767,32767,00066,-00298,-00249
11:47:01.285 -> Raw:-05776,07576,14136,20839,29959,32767,00053,-00332,-00219
11:47:01.323 -> Raw:-05160,09320,09056,22464,27671,30342,00030,-00349,-00167
11:47:01.357 -> Raw:-04464,10232,06624,23150,26630,29596,00001,-00369,-00125
11:47:01.393 -> Raw:-02528,11600,04168,25197,21674,28478,-00032,-00379,-00093
11:47:01.425 -> Raw:-00648,11624,03064,26197,20463,29240,-00068,-00375,-00054
11:47:01.463 -> Raw:02056,09888,00344,25957,23518,29282,-00111,-00369,-00016
11:47:01.498 -> Raw:05248,09168,-01504,31615,16888,28132,-00144,-00348,-00004
11:47:01.536 -> Raw:06072,09200,-04120,32092,16731,25793,-00186,-00321,00029
11:47:01.536 -> Raw:07416,06488,-07856,28881,13804,25394,-00199,-00299,00034
11:47:01.574 -> Raw:07584,04936,-09808,27415,06747,23062,-00237,-00251,00058
11:47:01.612 -> Raw:09608,03888,-11360,26597,-04068,19350,-00241,-00230,00052
11:47:01.650 -> Raw:10632,03680,-13728,27030,-14084,13502,-00234,-00199,00058
11:47:01.688 -> Raw:11088,02432,-17512,24875,-23009,07224,-00221,-00177,00045
11:47:01.688 -> Raw:11976,02832,-18840,27137,-32768,-00362,-00206,-00148,00053
11:47:01.726 -> Raw:08304,00264,-19824,32767,-32768,-04291,-00168,-00120,00039
11:47:01.763 -> Raw:-00800,-02584,-21776,28831,-32768,06326,-00082,-00082,-00003
11:47:01.801 -> Raw:-07976,-13232,-19512,20004,-32768,13598,-00043,-00074,-00045
11:47:01.835 -> Raw:-11880,-10024,-16008,32767,-32768,08328,-00009,-00062,-00122
11:47:01.873 -> Raw:-11504,-10472,-14736,32767,-32768,04202,00009,-00069,-00150
11:47:01.911 -> Raw:-16888,-09168,-18280,17821,-23072,16078,00018,-00058,-00243
11:47:01.911 -> Raw:-15736,-11456,-08864,16710,-15161,20897,00031,-00078,-00250
11:47:01.944 -> Raw:-14664,-08792,-08376,15583,-18879,24006,00023,-00103,-00288
11:47:01.982 -> Raw:-16592,-09408,-10360,08747,-22651,25852,00024,-00131,-00316
11:47:02.020 -> Raw:-14712,-08672,-09448,01711,-20535,27539,00030,-00155,-00331
11:47:02.057 -> Raw:-12928,-03944,-07904,-04383,-16549,28373,00023,-00179,-00355
11:47:02.092 -> Raw:-13728,-03784,-07592,-14277,-07784,27256,00010,-00198,-00360
11:47:02.130 -> Raw:-14280,-03616,-05088,-21837,-05907,22616,00018,-00208,-00377
11:47:02.130 -> Raw:-12528,-02688,-02808,-23724,-15113,23627,-00005,-00213,-00390
11:47:02.168 -> Raw:-11880,-00872,00680,-26206,-17418,25557,-00013,-00206,-00404
11:47:02.202 -> Raw:-11064,-00248,04520,-25223,-17794,24188,-00021,-00206,-00414
11:47:02.240 -> Raw:-09056,02360,09056,-21896,-13074,20592,-00030,-00212,-00423
11:47:02.278 -> Raw:-10712,04720,10816,-21010,-00858,16601,-00044,-00196,-00432
11:47:02.312 -> Raw:-13008,02528,10800,-25643,-03991,22662,-00047,-00191,-00437
11:47:02.312 -> Raw:-09784,02440,10928,-26841,-11324,24234,-00048,-00185,-00438
11:47:02.350 -> Raw:-08088,01952,13008,-30694,-08762,28861,-00060,-00169,-00447
11:47:02.388 -> Raw:-07280,03384,15536,-30484,-05491,30640,-00069,-00160,-00455
11:47:02.426 -> Raw:-04512,02984,18296,-27224,-01759,32750,-00061,-00155,-00455
11:47:02.460 -> Raw:-04832,02040,19608,-26845,08975,32767,-00047,-00147,-00457
11:47:02.495 -> Raw:-05208,-00720,22160,-24847,28846,32767,-00035,-00155,-00463
11:47:02.533 -> Raw:-07392,-03104,26288,-17535,32767,32767,00010,-00169,-00424
11:47:02.533 -> Raw:-08424,-03296,27144,-10145,32767,32767,00023,-00179,-00392
11:47:02.571 -> Raw:-10312,-01560,25232,-02043,32767,32767,00073,-00228,-00322
11:47:02.609 -> Raw:-08176,01080,21528,07109,32767,32767,00074,-00268,-00279
11:47:02.647 -> Raw:-05024,05216,16744,15945,31641,32767,00042,-00318,-00216
11:47:02.685 -> Raw:-04592,08280,13640,22923,30192,32767,00015,-00360,-00173
11:47:02.723 -> Raw:-04440,09064,09872,26448,27202,32767,-00006,-00383,-00135
11:47:02.723 -> Raw:-02128,09232,06216,32767,22041,32767,-00074,-00383,-00088
11:47:02.761 -> Raw:01280,10320,02800,32767,13601,31929,-00112,-00385,-00032
11:47:02.800 -> Raw:03552,09016,-03400,32767,10383,26072,-00148,-00352,00006
11:47:02.837 -> Raw:04904,04592,-04648,32767,09852,18511,-00153,-00302,00033
11:47:02.875 -> Raw:04520,05032,-11920,32767,00002,08890,-00171,-00278,00043
11:47:02.913 -> Raw:04912,01832,-15176,32767,05428,08472,-00177,-00204,00065
11:47:02.913 -> Raw:06528,00024,-13512,32767,06988,06932,-00186,-00181,00069
11:47:02.948 -> Raw:07632,01400,-16832,32767,-02750,03711,-00194,-00122,00047
11:47:02.986 -> Raw:07688,-04056,-18184,32315,00514,05620,-00174,-00084,00011
11:47:03.020 -> Raw:09544,-05600,-16472,29641,-00053,13835,-00182,-00055,-00008
11:47:03.058 -> Raw:07768,-08192,-15672,32767,-13337,13891,-00173,-00026,-00034
11:47:03.092 -> Raw:05400,-15248,-19656,23227,-14341,21842,-00144,-00004,-00062
11:47:03.130 -> Raw:03080,-16792,-16640,17785,-19570,31480,-00123,-00009,-00094
11:47:03.130 -> Raw:03032,-17376,-17328,21297,-30891,32767,-00091,-00004,-00114
11:47:03.168 -> Raw:-00344,-19928,-18440,09823,-24862,32767,-00038,-00015,-00145
11:47:03.206 -> Raw:-02536,-18352,-15112,07794,-30672,32767,-00005,-00039,-00173
11:47:03.240 -> Raw:-04864,-15672,-14208,06941,-28844,32767,00024,-00069,-00202
11:47:03.273 -> Raw:-08992,-13608,-11056,01038,-24517,32767,00042,-00105,-00245
11:47:03.311 -> Raw:-09376,-10256,-07456,-03477,-20655,32767,00059,-00138,-00267
11:47:03.349 -> Raw:-09928,-06624,-07952,-07840,-17960,32767,00059,-00187,-00289
11:47:03.349 -> Raw:-10184,-02896,-06768,-15467,-19805,32767,00048,-00226,-00319
11:47:03.387 -> Raw:-09960,-01184,-05536,-28243,-17243,28736,00043,-00246,-00341
11:47:03.426 -> Raw:-09472,00216,-02912,-32768,-20628,24216,00019,-00244,-00358
11:47:03.464 -> Raw:-09592,01344,-00608,-32768,-26021,22641,-00000,-00250,-00395
11:47:03.500 -> Raw:-10656,00896,05976,-32768,-14731,16582,-00022,-00246,-00421
11:47:03.538 -> Raw:-11256,-01632,08264,-32768,-04705,16829,-00031,-00210,-00424
11:47:03.538 -> Raw:-11952,00504,10728,-26237,-09493,16216,-00040,-00199,-00436
11:47:03.572 -> Raw:-11384,03888,11576,-21816,-15856,18934,-00038,-00182,-00433
11:47:03.609 -> Raw:-10592,04096,12488,-23247,-10888,21726,-00053,-00182,-00448
11:47:03.644 -> Raw:-09680,04232,13608,-26030,-06378,25498,-00064,-00165,-00453
11:47:03.682 -> Raw:-08024,04336,15664,-26959,-06155,30352,-00069,-00170,-00448
11:47:03.720 -> Raw:-05600,04144,16440,-30663,02511,32767,-00057,-00159,-00454
11:47:03.720 -> Raw:-05448,01976,20216,-32768,16297,32767,-00051,-00138,-00450
11:47:03.754 -> Raw:-07064,-00568,24752,-28843,25716,32767,-00018,-00139,-00434
11:47:03.792 -> Raw:-10088,-01520,27544,-20949,32767,32767,00013,-00152,-00407
11:47:03.830 -> Raw:-11416,-02256,25584,-11635,32767,32767,00051,-00170,-00361
11:47:03.868 -> Raw:-12384,-01000,22760,-04517,32767,32767,00070,-00210,-00327
11:47:03.903 -> Raw:-11208,01736,19480,02236,32767,32767,00081,-00262,-00268
11:47:03.937 -> Raw:-08968,04136,15160,08627,32767,32767,00081,-00282,-00238
11:47:03.975 -> Raw:-08288,06920,12040,12260,32767,32767,00053,-00339,-00180
11:47:03.975 -> Raw:-05720,08072,08848,17554,31458,32767,00005,-00365,-00114
11:47:04.013 -> Raw:-03616,09096,07304,25041,32592,32767,-00026,-00382,-00096
11:47:04.051 -> Raw:-00720,09760,05208,31867,32767,32767,-00095,-00379,-00040
11:47:04.089 -> Raw:03080,08680,02264,31343,32767,32767,-00168,-00372,-00007
11:47:04.123 -> Raw:07200,06032,-02936,31171,28333,32767,-00217,-00340,00009
11:47:04.161 -> Raw:10048,05552,-06888,26963,16348,32767,-00255,-00307,00013
11:47:04.161 -> Raw:09872,05440,-05744,24119,01454,26265,-00291,-00267,00032
11:47:04.200 -> Raw:11624,03688,-06192,27236,-05907,21815,-00305,-00214,00033
11:47:04.238 -> Raw:11560,01592,-09664,25745,-01776,19930,-00287,-00180,00038
11:47:04.276 -> Raw:12656,-00096,-09768,26720,-05288,16177,-00286,-00169,00037
11:47:04.314 -> Raw:13960,-01560,-11440,31834,-16536,10427,-00286,-00127,00032
11:47:04.352 -> Raw:11360,-03832,-16744,25393,-25881,09288,-00273,-00107,00022
11:47:04.352 -> Raw:09576,-05672,-20184,17902,-27789,12596,-00233,-00090,00019
11:47:04.385 -> Raw:10056,-06224,-19272,22598,-32768,14835,-00208,-00072,00016
11:47:04.419 -> Raw:07664,-03816,-20232,20295,-32768,12437,-00156,-00047,-00016
11:47:04.457 -> Raw:01024,-09136,-20840,11913,-32768,21836,-00110,-00039,-00037
11:47:04.533 -> Raw:-01640,-10528,-19840,17095,-32768,23699,-00070,-00031,-00069
11:47:04.533 -> Raw:-01072,-11456,-17152,24191,-32768,17967,-00035,-00038,-00100
11:47:04.570 -> Raw:-08296,-12416,-20912,11522,-32768,21421,00003,-00052,-00162
11:47:04.570 -> Raw:-09760,-13408,-15960,10952,-28298,28487,00014,-00067,-00187
11:47:04.604 -> Raw:-09432,-12008,-13608,11185,-31692,32767,00039,-00080,-00223
11:47:04.642 -> Raw:-12600,-09696,-14840,-00684,-25436,31673,00036,-00107,-00245
11:47:04.680 -> Raw:-13072,-09200,-09760,-04048,-22856,31318,00048,-00145,-00289
11:47:04.718 -> Raw:-11040,-07136,-07592,-05475,-21768,30432,00053,-00153,-00309
11:47:04.756 -> Raw:-12304,-02960,-08392,-16924,-17827,29295,00047,-00191,-00335
11:47:04.756 -> Raw:-11816,-01640,-08296,-27966,-15827,25090,00040,-00204,-00346
11:47:04.789 -> Raw:-11624,-01856,-05608,-32768,-18404,25618,00021,-00206,-00370
11:47:04.827 -> Raw:-10312,-00576,-02328,-32768,-20947,24643,00009,-00214,-00391
11:47:04.865 -> Raw:-09928,-01984,04008,-32768,-22716,20653,-00005,-00198,-00407
11:47:04.903 -> Raw:-09904,00696,08208,-32768,-17857,19101,-00030,-00187,-00423
11:47:04.937 -> Raw:-10424,00216,10160,-32768,-06473,18756,-00031,-00157,-00427
11:47:04.971 -> Raw:-10720,00136,12504,-32768,-07909,17844,-00047,-00144,-00427
11:47:05.009 -> Raw:-09512,01136,13888,-28039,-04328,18179,-00044,-00134,-00412
11:47:05.009 -> Raw:-10888,01136,14776,-26440,-06534,16567,-00043,-00131,-00421
11:47:05.047 -> Raw:-08456,00712,14288,-23468,-03694,18789,-00039,-00127,-00424
11:47:05.085 -> Raw:-07224,01680,16688,-20595,-02752,17902,-00030,-00111,-00428
11:47:05.123 -> Raw:-08632,00480,17080,-20182,-00020,19482,-00032,-00104,-00423
11:47:05.161 -> Raw:-09240,00656,18376,-18885,08770,22562,-00030,-00109,-00413
11:47:05.199 -> Raw:-09552,-01048,18736,-16976,08590,24492,00007,-00110,-00399
11:47:05.199 -> Raw:-10960,-03232,22560,-13333,17937,29865,00032,-00123,-00383
11:47:05.237 -> Raw:-14256,-03688,24688,-09208,27641,32767,00047,-00147,-00360
11:47:05.275 -> Raw:-11960,-02824,22512,-00143,28190,32767,00063,-00186,-00327
11:47:05.313 -> Raw:-11080,00216,19704,07525,31900,32767,00072,-00226,-00291
11:47:05.351 -> Raw:-10864,02272,17200,11839,32767,32767,00070,-00269,-00258
11:47:05.351 -> Raw:-08920,05288,15456,20668,32767,32767,00063,-00318,-00206
11:47:05.389 -> Raw:-06400,07384,12536,26314,32767,32767,00038,-00347,-00177
11:47:05.427 -> Raw:-06168,09800,08568,32767,32767,32767,-00007,-00375,-00101
11:47:05.465 -> Raw:-04968,09616,04400,28595,32767,32767,-00051,-00381,-00078
11:47:05.499 -> Raw:-00800,10712,02048,32767,24602,32767,-00123,-00367,-00014
11:47:05.538 -> Raw:01920,09800,00792,32767,17218,32767,-00173,-00343,00014
11:47:05.538 -> Raw:06392,06088,-06024,32767,21461,32767,-00220,-00294,00047
11:47:05.571 -> Raw:08496,03648,-06392,32767,14865,32767,-00253,-00239,00048
11:47:05.604 -> Raw:10784,02720,-07096,32767,07432,27249,-00274,-00190,00063
11:47:05.642 -> Raw:11768,-01048,-09424,32767,-00158,16463,-00267,-00134,00037
11:47:05.676 -> Raw:11736,-02504,-13160,28815,02048,11521,-00263,-00109,00036
11:47:05.714 -> Raw:11168,-04088,-12944,21403,01862,16584,-00263,-00091,00023
11:47:05.752 -> Raw:10496,-08256,-11456,22245,-12187,17772,-00244,-00058,-00009
11:47:05.786 -> Raw:09456,-08800,-13144,23018,-23563,19956,-00221,-00047,-00011
11:47:05.786 -> Raw:07944,-12328,-15328,16958,-27616,23844,-00190,-00020,-00033
11:47:05.824 -> Raw:07224,-11832,-14424,16551,-25896,23875,-00164,-00015,-00045
11:47:05.898 -> Raw:04760,-12472,-12848,08988,-28625,25271,-00115,-00004,-00081
11:47:05.898 -> Raw:-01096,-14576,-14688,06672,-32768,32767,-00080,-00008,-00100
11:47:05.966 -> Raw:-01552,-16584,-18168,07269,-32768,32767,-00022,-00015,-00140
11:47:05.966 -> Raw:-02104,-19368,-18872,03231,-27531,32767,00018,-00053,-00173
11:47:06.003 -> Raw:-04952,-18656,-15288,-01963,-27619,32767,00036,-00080,-00196
11:47:06.041 -> Raw:-07400,-14112,-16224,-09052,-27309,28392,00045,-00111,-00219
11:47:06.041 -> Raw:-10336,-13480,-13024,-15878,-18054,28955,00056,-00141,-00242
11:47:06.079 -> Raw:-11488,-10216,-09352,-17988,-16021,26372,00070,-00159,-00245
11:47:06.114 -> Raw:-12392,-05888,-08360,-19284,-18014,24351,00061,-00185,-00269
11:47:06.153 -> Raw:-13240,-04344,-06808,-27586,-16143,25101,00059,-00195,-00284
11:47:06.191 -> Raw:-13320,-02464,-03056,-26847,-17997,27461,00043,-00217,-00314
11:47:06.229 -> Raw:-11344,01056,-02080,-27136,-20232,27290,00039,-00235,-00340
11:47:06.229 -> Raw:-10536,03168,-00800,-31838,-16975,24454,00032,-00248,-00354
11:47:06.263 -> Raw:-10536,03872,01568,-32768,-14366,19614,00011,-00241,-00376
11:47:06.296 -> Raw:-10704,04616,02384,-32768,-11910,16338,-00005,-00233,-00399
11:47:06.330 -> Raw:-09592,01128,06616,-32768,-06770,16444,-00014,-00214,-00416
11:47:06.368 -> Raw:-11568,04696,09640,-32768,-04946,19843,-00022,-00204,-00418
11:47:06.406 -> Raw:-09280,04848,07320,-32768,-02390,21210,-00023,-00181,-00434
11:47:06.444 -> Raw:-09184,-00576,14496,-32768,02819,18802,-00026,-00169,-00427
11:47:06.444 -> Raw:-09936,02304,14784,-32768,-02108,19649,-00014,-00153,-00421
11:47:06.482 -> Raw:-09440,00960,14064,-32768,08251,23990,-00013,-00134,-00409
11:47:06.521 -> Raw:-10448,00296,17960,-29973,16507,28862,00003,-00138,-00403
11:47:06.559 -> Raw:-11480,-00704,17328,-31264,16520,31783,00032,-00138,-00371
11:47:06.597 -> Raw:-13608,-02576,17792,-30023,19921,32767,00044,-00159,-00352
11:47:06.630 -> Raw:-13600,-03536,21336,-23417,20948,32767,00076,-00174,-00322
11:47:06.630 -> Raw:-15424,-04688,19344,-18912,21146,32767,00085,-00212,-00296
11:47:06.668 -> Raw:-14800,-05152,19792,-10217,24492,32767,00074,-00266,-00279
11:47:06.702 -> Raw:-15072,-02856,18888,-04640,24548,32767,00060,-00311,-00258
11:47:06.736 -> Raw:-13200,00032,17968,-01793,18124,32767,00024,-00356,-00229
11:47:06.774 -> Raw:-07728,01704,13512,06466,08929,32767,-00007,-00382,-00236
11:47:06.807 -> Raw:-02288,06432,10896,14921,07980,32767,-00078,-00426,-00201
11:47:06.845 -> Raw:02352,07656,14304,27757,12004,32767,-00122,-00437,-00182
11:47:06.883 -> Raw:07928,05928,14656,32767,04591,32767,-00207,-00431,-00141
11:47:06.883 -> Raw:11792,05224,05848,32767,-00600,32050,-00265,-00382,-00057
11:47:06.921 -> Raw:10608,04576,-06376,32767,-16737,08409,-00290,-00310,00003
11:47:06.959 -> Raw:12296,03880,-13152,32767,-16453,-00651,-00276,-00234,00050
11:47:06.997 -> Raw:11368,05184,-17160,32767,-07910,-01585,-00269,-00170,00050
11:47:07.035 -> Raw:08096,03176,-14880,32767,-14946,-00463,-00267,-00125,00062
11:47:07.073 -> Raw:06808,00896,-14208,32767,-23938,02773,-00240,-00089,00031
